Time_us,angl_accel_x,angl_accel_y,angl_accel_z,pos_x,pos_y,pos_z
386862,1.92137638544225,0.643522708205173,-0.270536082104821,0.5248352,0.4633258,1.764372
417767,4.22380175659018,-1.41054254636133,-0.487811592411687,0.5328552,0.46717,1.796036
447950,3.93809471478339,-2.04641019412042,-0.433953844720552,0.5388134,0.4716188,1.811795
488857,2.86869786454827,-1.85173313098623,-0.575666115364379,0.5479329,0.4774856,1.851482
537978,2.51965949303241,-0.364986068897305,-0.851246562713078,0.5592324,0.4850466,1.90078
567803,4.50027790139775,-0.525964083796131,-0.868003445984842,0.5660064,0.4894695,1.938879
588775,5.68228440119745,-0.85834309469222,-0.823105586609611,0.5700981,0.4924314,1.956939
609024,5.73848035342139,-1.09699161478553,-0.646137405435494,0.5745842,0.4957429,1.972515
638917,4.05631607435326,-1.37732936793398,-0.448706987846111,0.5816167,0.5000708,2.00821
688474,2.29439833281086,-0.929602122362062,-0.674172226178269,0.5933333,0.5070549,2.063093
728769,3.55881993243813,-0.62037668983757,-1.02617296256397,0.6030307,0.5125152,2.109423
759025,4.38087089241225,-0.594576785997049,-1.00181947125975,0.6099816,0.5165044,2.140177
788456,3.9975558885796,-0.640262378149737,-0.756773586852866,0.6174165,0.5201557,2.180216
820502,3.96714509948027,-0.912328837529097,-0.536672986633958,0.623507,0.5248724,2.208318
850020,3.76113098077976,-1.36737116404778,-0.50628603342658,0.6302301,0.5289841,2.246891
880077,3.76556679592125,-2.06610772840065,-0.570818580921441,0.6370876,0.5329035,2.286549
912039,3.92612238427716,-2.40741131876181,-0.537648131068915,0.6439819,0.5373678,2.318991
941915,3.93236604851079,-2.12292521273013,-0.457750981448854,0.6509543,0.5412819,2.358335
972464,3.73334727074728,-1.66668312725944,-0.33775743637352,0.6575545,0.5453864,2.391967
1005039,3.67693851915691,-1.17560997307906,-0.159756229754275,0.6654193,0.549624,2.439211
1036813,3.88098432976905,-1.13853179836117,-0.0566740205230237,0.6706057,0.5560463,2.462628
1066337,4.62183087723588,-1.17172777915856,0.0956982209573578,0.6764666,0.5615677,2.497427
1099185,4.76277544411599,-1.41164416961917,0.0148854889604761,0.6816009,0.5678163,2.526088
1129801,4.5329312668778,-1.40112119745414,-0.131813671150902,0.6881095,0.5738174,2.566137
1159736,4.37720742558256,-1.2348180370288,-0.31323995345852,0.6930755,0.580124,2.595815
1189717,5.03220357241689,-1.06153520588818,-0.346248973180442,0.698518,0.5857738,2.634067
1215463,5.65389435850065,-0.852706763332678,-0.387495377839227,0.701509,0.5916277,2.65293
1235039,5.88717540690896,-0.985429527161926,-0.414834115376301,0.7048542,0.5952578,2.678247
1265638,5.05509267806719,-1.4741440768093,-0.499469459540035,0.7088953,0.6016226,2.705683
1295021,4.43932194657521,-1.68637593353274,-0.733386420109411,0.7136635,0.6072235,2.741381
1328428,3.89088164750549,-1.4241246358184,-0.859486788584641,0.7185026,0.6138052,2.774761
1358546,4.1381913549314,-1.45668669226652,-0.683348034620509,0.7230769,0.6190475,2.808406
1388699,4.68329157798315,-1.53896845825437,-0.424742182854232,0.7271211,0.6247012,2.837118
1423066,4.73955359020869,-1.89451358197341,-0.269506424729762,0.7319126,0.6308215,2.871598
1453810,4.61070472903709,-1.6937318076181,-0.493039147124465,0.7351004,0.6367757,2.893856
1483096,4.48903423157032,-0.967778078875827,-0.48066097644545,0.7388202,0.6417185,2.925268
1517567,4.69915201665437,-0.795051153026525,-0.494111931667794,0.7420219,0.6473081,2.953858
1546757,5.1339361367852,-0.708071823059666,-0.393828560922957,0.745488,0.6525986,2.980206
1576288,4.39850353234415,-0.98072010001273,-0.421918726734437,0.7491295,0.656792,3.011477
1606691,4.13105903610602,-1.02795722019425,-0.584938987310996,0.7528211,0.6608757,3.04474
1641046,4.73306095803456,-1.08939547819743,-0.626689093531923,0.7568384,0.664994,3.069756
1671468,5.29658811572189,-1.28291872531248,-0.638166685355058,0.7600996,0.6682814,3.090148
1701044,5.19605229441557,-1.27277537560658,-0.5794779251669,0.7632415,0.6708732,3.117165
1734347,4.36547662648462,-1.43583111140416,-0.567925986009498,0.7664543,0.6736615,3.145018
1764216,4.25020781916601,-1.47544311413115,-0.656414805931423,0.7689947,0.6755717,3.172331
1796095,4.84731613162891,-1.54393078556565,-0.784281717058954,0.7708897,0.6774911,3.19399
1827179,4.79449908047751,-1.73723393015711,-0.816853846616844,0.7722301,0.6789754,3.222799
1859730,4.04641394933126,-1.76640111428223,-0.723906782301372,0.7727571,0.6803975,3.241533
1888923,3.89966905833481,-2.04883256044959,-0.656552994183059,0.7729719,0.6810696,3.267228
1919824,4.07519656859982,-2.1423116381658,-0.699267318452438,0.7723823,0.6816813,3.288365
1952711,4.24922583606216,-2.01352406950146,-0.756085470347889,0.7711719,0.681919,3.313254
1982371,4.63142504763899,-1.82474910435218,-0.823138012578388,0.7696019,0.6816907,3.338512
2004652,4.8689775762921,-1.7493705293454,-0.774848333752607,0.7684343,0.6817998,3.350028
2035060,5.72240106949707,-1.77233077037064,-0.679371602982633,0.7662364,0.6816275,3.375577
2056922,6.04012072573314,-1.71920335121644,-0.690721493419112,0.7643631,0.6816059,3.387328
2087003,5.05723529080234,-1.74831944935578,-0.596562182271763,0.7613388,0.6813847,3.403505
2117023,4.10011780816102,-1.84319742190218,-0.555214891848209,0.7575314,0.6803806,3.426843
2150941,3.90481572844546,-2.05905894980967,-0.590760102396624,0.7526112,0.6794003,3.448014
2180519,4.23801057591136,-2.54918658739627,-0.803681435640469,0.7473124,0.6774057,3.469738
2211893,4.71019183414873,-2.68608402073452,-0.882094374464023,0.7434164,0.6745737,3.485548
2244895,5.10648908352975,-2.83719523780258,-0.811581237875579,0.7374494,0.670742,3.511203
2264864,5.40222200491233,-2.61678961741587,-0.739191146007384,0.7342491,0.6682239,3.519641
2285001,5.6222818559573,-2.39490209117897,-0.780261019808443,0.7307001,0.6654886,3.529185
2304824,5.85609339830189,-2.02895576267604,-0.790323587648815,0.7259191,0.6627383,3.545036
2335423,5.19412056514224,-1.5221429891837,-0.911818490707618,0.7197645,0.6580226,3.560019
2367946,4.43229055136431,-1.51629475301734,-0.864585165773261,0.7111473,0.6525031,3.582654
2400069,4.14488108655362,-1.83363750142797,-0.504039986082103,0.7036498,0.6471144,3.597915
2430034,3.85187465933012,-2.48319010766627,-0.377718159933765,0.6964249,0.6398273,3.612391
2462846,3.84130569172197,-2.83138648232974,-0.444662741832849,0.6868501,0.6322223,3.63162
2492951,4.54852271443682,-2.93871127020704,-0.652028507935165,0.6786302,0.624588,3.640558
2512757,5.32356464599321,-2.82007770217531,-0.795446843573732,0.671715,0.6196713,3.653058
2532756,5.78765002346277,-2.718901526329,-0.752817309069206,0.665561,0.614271,3.660484
2555689,5.72443992592461,-2.5674030848808,-0.732266280686636,0.6589492,0.608606,3.668821
2576022,5.2570619618405,-2.53684061301658,-0.491660003933844,0.650488,0.6025974,3.681334
2608035,4.43763414764428,-2.67232686435928,-0.426419556349328,0.6398367,0.5935979,3.689009
2637459,4.22091959368368,-2.95998763444402,-0.649135175788506,0.6286576,0.5820615,3.703578
2660561,5.0399563115382,-3.22366389127966,-0.696391511132735,0.6210077,0.5729325,3.711445
2680837,5.84196879838066,-3.33793546002372,-0.855310831680569,0.6143434,0.5646585,3.714199
2700851,5.748290347138,-3.2051302628165,-0.798809115785828,0.6073362,0.5562279,3.717992
2730456,4.90802406466837,-2.59958822195056,-0.497298414609535,0.5948597,0.5443214,3.730763
2760413,4.60567268786051,-2.26658892993226,-0.308812116943687,0.5817651,0.532101,3.742512
2784630,4.50789626551285,-2.37423100264471,-0.31662159954368,0.5724049,0.5211563,3.743299
2815393,5.08027176723339,-2.91587668908253,-0.500262086526578,0.5590684,0.5066218,3.754814
2835451,5.53326385948814,-3.25798394773516,-0.607856802941633,0.5513309,0.4962119,3.759411
2855559,5.36634948474863,-3.36805853248415,-0.651173768729484,0.5417196,0.4870284,3.770092
2878441,4.99664819410714,-3.15500532509857,-0.670361173253093,0.5318052,0.4753618,3.776321
2898920,4.79403380351875,-3.02278440941587,-0.635408707482546,0.5232599,0.4649781,3.781293
2928731,4.86286592435031,-3.08001659139372,-0.566066237400146,0.5097268,0.4494391,3.790807
2948833,4.90199198728696,-3.19875223465165,-0.516939238783798,0.4998754,0.4406445,3.801478
2981880,4.73793944464675,-3.21030527029733,-0.425572478907106,0.4825352,0.4235723,3.811941
3012030,4.38442588459216,-3.06200605355206,-0.489749814269577,0.4673091,0.41013,3.822623
3042855,4.52755761989759,-2.65108865142886,-0.507942480290722,0.4563299,0.3924582,3.824179
3072364,4.83068182059255,-2.18754237548167,-0.504758303524862,0.4425848,0.377108,3.833664
3095597,5.16521704494909,-2.10104945085865,-0.551966108443268,0.4325698,0.3647744,3.837571
3116017,5.35874422900775,-1.92069863007057,-0.473236100193365,0.4236235,0.353531,3.839148
3145895,4.96642821758821,-1.9073489539219,-0.534307997683428,0.4090082,0.3392833,3.847762
3175764,4.76206446228755,-2.28389577205794,-0.448746565971825,0.3940747,0.3253634,3.857527
3201751,4.82773482232825,-2.49446288972487,-0.360064064942175,0.3841675,0.3112203,3.855873
3230772,5.32993965068371,-2.55900867711053,-0.339024319000372,0.3687767,0.2953108,3.864233
3250348,5.70370079913948,-2.47422362068276,-0.380322523068914,0.3598026,0.2836997,3.866433
3270179,5.66856586979991,-2.3892037285496,-0.415334919281228,0.3492509,0.2747459,3.874635
3293351,5.43975980199701,-2.42317083858375,-0.502062167928021,0.3381025,0.262813,3.877217
3323354,5.25730598132368,-2.37118216337014,-0.605416047753775,0.3237207,0.2474228,3.880104
3343868,5.25338432148547,-2.304612585946,-0.52664062782303,0.3139531,0.23771,3.883311
3363818,5.49473214813058,-2.46526840758196,-0.569619564060218,0.302937,0.2301139,3.891949
3383342,5.56209020373513,-2.52241931952456,-0.521082176789897,0.2928115,0.2210983,3.894585
3408449,5.51379577758335,-2.52860357592992,-0.489039524109354,0.2821179,0.2108787,3.895581
3427878,5.44921961860709,-2.68568188618961,-0.527709495875783,0.2702652,0.2026706,3.902611
3448046,5.32203163875267,-2.98642092156456,-0.562544176949361,0.2598985,0.192382,3.903462
3468059,5.21678097422204,-2.9884362168808,-0.448710988341605,0.2494304,0.1826656,3.905388
3487861,5.24769110820839,-2.99068540771405,-0.42921166285718,0.2380408,0.1757457,3.912906
3510940,5.51071972871717,-2.89678050413817,-0.441243029040955,0.2260681,0.166333,3.915727
3531503,5.62903724914236,-2.87803409817231,-0.316613541027393,0.2151048,0.1577892,3.916726
3551016,5.45274413268881,-2.81305803551356,-0.299441324321089,0.2033269,0.151594,3.924112
3571641,5.1531820155339,-3.12790014418806,-0.377938489347306,0.1921889,0.143695,3.926796
3591013,5.25277743361003,-3.40525643331548,-0.541150062768177,0.180246,0.1381232,3.93539
3615059,5.43990068876082,-3.61477197828539,-0.497237006292757,0.1664737,0.1305899,3.940328
3635937,5.76821987573681,-3.59734249041134,-0.463822620076283,0.1535725,0.1205473,3.941071
3656038,5.87163037469215,-3.19640280963135,-0.390558467113799,0.1412534,0.1114704,3.942409
3675928,6.05906416954426,-2.53566973987683,-0.339950578936025,0.1289403,0.1059302,3.949929
3696019,6.0062662657318,-2.27295722993326,-0.17602615034667,0.116554,0.09792709,3.951219
3719321,5.54472283080949,-2.39597809167461,-0.120938609566791,0.1017273,0.09018239,3.954657
3739878,5.21422138240824,-2.46221156880319,-0.182199051669957,0.08947978,0.08360504,3.956481
3759172,5.66124506469602,-2.65630116371411,-0.309648358805012,0.07730547,0.08000328,3.963873
3779449,5.89623128386169,-3.04878251787276,-0.297093755641707,0.06504445,0.0745102,3.967003
3802020,5.85371977921882,-3.1647204968554,-0.337369854242251,0.05275811,0.06968204,3.971105
3822551,6.0382979736457,-3.01697174575284,-0.395693141680368,0.03891833,0.06740012,3.978959
3843502,5.71540920135706,-2.97956321088261,-0.247084310701986,0.02556003,0.06077878,3.978043
3863992,5.40885651225112,-3.01241633050733,-0.127494467208708,0.01229543,0.05485147,3.977961
3883808,5.28494731231922,-2.80547888343915,-0.164957069590793,0.0004669415,0.05237406,3.983264
3903741,5.44942342042093,-2.72978231786373,-0.138097465417219,-0.01313915,0.04775545,3.984865
3927807,5.56561628596625,-2.78045789540969,-0.161116261639631,-0.02751847,0.04406141,3.985916
3947324,5.55003821667469,-2.70971287827827,-0.312075928617922,-0.03954668,0.04307715,3.990371
3967010,5.45289344004807,-2.61214759233818,-0.282486053444462,-0.05216003,0.04027294,3.989614
3986907,5.49371155551467,-2.74636552677652,-0.262811298614633,-0.06416832,0.04027742,3.995048
4009390,5.47997694563592,-2.7884811818374,-0.206910686719539,-0.07960806,0.03798964,3.996999
4032024,5.6697255790723,-2.63649597631054,-0.119004566171769,-0.09517428,0.03522796,3.997017
4052398,6.13257456157678,-2.78809529604125,-0.0404741078428138,-0.1101555,0.03287909,3.996852
4072301,6.18621129905756,-2.94301736430069,-0.115573821670215,-0.1233069,0.03360455,4.003067
4092662,5.98211646143928,-3.01662886213397,-0.0494532870918491,-0.1378342,0.03246057,4.004644
4112026,5.74288789031641,-2.91807963982423,-0.107912218355283,-0.1506221,0.03434718,4.011604
4134961,5.54810647320761,-2.79885670699428,-0.16342792446755,-0.1665777,0.03505526,4.014451
4154969,5.64285128553381,-2.50175208211153,-0.155654851482236,-0.1805038,0.03608802,4.013998
4175740,6.01272656283269,-2.29855376097545,-0.0530727292480118,-0.1941773,0.03780429,4.014436
4194979,6.23943952866909,-2.07990035315345,0.00164879867290177,-0.2063571,0.04187179,4.020432
4217988,6.49563140284096,-2.11891226407001,0.0824077799869182,-0.2207981,0.04417266,4.020491
4240439,6.04778084001497,-2.14509786422617,0.0583439360267731,-0.2371606,0.04735921,4.02113
4259982,5.78204247577481,-2.12376127289204,0.0559450404261797,-0.2494112,0.05219635,4.026228
4279980,5.71987003148477,-2.29291857426631,0.0826295996766714,-0.2636932,0.05578338,4.02685
4300398,5.90468280614333,-2.38354702499763,-0.0837812283709462,-0.276707,0.05940344,4.027414
4320305,5.78091665970886,-2.32970041483144,-0.145941056723133,-0.2882622,0.06594636,4.033758
4342908,6.13856469066161,-2.33695430588626,-0.0866613706623634,-0.3025849,0.0725878,4.036132
4362929,6.20577241614192,-2.26266640977772,-0.00766127215599335,-0.3150973,0.07857976,4.036657
4382947,5.77193113403319,-2.01441098044636,0.0551255083020423,-0.3260473,0.0866531,4.042758
4404492,5.38429443681582,-1.71953165296491,0.272839462452845,-0.3404752,0.09444994,4.045304
4427699,5.4074824921263,-1.50472961838934,0.476352590911617,-0.3550867,0.1015922,4.045489
4457932,5.44414441677787,-1.48400260795305,0.715687254341726,-0.3776655,0.1152116,4.046926
4477792,5.73902009575972,-1.55925105859612,0.630463016844385,-0.389524,0.1258572,4.053081
4497523,6.15674832579665,-1.62702651241735,0.587257933879164,-0.4025661,0.134637,4.054149
4517609,6.13531672618537,-1.72940337152425,0.447416261406778,-0.413479,0.1457411,4.060407
4540531,5.91172573977448,-1.63191623671146,0.290574974518037,-0.4276678,0.1580293,4.06464
4560931,5.72586294127524,-1.39351050630329,0.301941578784327,-0.4402597,0.1690474,4.06582
4590619,5.64597726107312,-1.47536695727393,0.335621091318251,-0.4566804,0.1875199,4.072871
4612980,5.74780517053641,-1.48234341096115,0.351279578236389,-0.470229,0.2003225,4.075499
4634884,5.9335694270318,-1.42284077934658,0.542931428074015,-0.4843013,0.2135109,4.078204
4655185,5.81328295952181,-1.21919550586885,0.591035649182802,-0.4967831,0.2290955,4.085232
4675437,5.65382531107749,-0.963851598650177,0.569950834339718,-0.5098262,0.2414367,4.08665
4695721,5.67440650217075,-0.914727972622321,0.525796496477499,-0.5234548,0.2557929,4.089852
4725337,5.95577541228295,-0.968998163856345,0.509644813845149,-0.5405037,0.2775819,4.097896
4747963,6.08610059366249,-1.01797688967693,0.516794626104863,-0.5529132,0.2922688,4.101832
4768334,6.39713371067111,-1.56368982948657,0.50678563324109,-0.5640969,0.3102025,4.108806
4788489,6.11731180244613,-1.51217573048832,0.491913311726992,-0.5757571,0.3256961,4.110861
4809992,5.70823448473972,-1.07422146094516,0.50961356004008,-0.5892854,0.3428509,4.112689
4840173,5.19552659034759,-0.669911014528693,0.40027694103555,-0.605804,0.3681288,4.119609
4863331,5.23001210539388,-0.800155908832862,0.374600733715079,-0.6190919,0.387927,4.121995
4893434,5.18908288125421,-0.910111027267093,0.331213542922032,-0.6346359,0.4142397,4.126712
4923829,4.89323219334444,-1.13751782062252,0.24827721183716,-0.6516765,0.4414287,4.128548
4956876,5.34911373800095,-1.07981287482235,0.345718028875838,-0.6687534,0.4724221,4.132209
4986775,5.74340711222917,-0.819071322327071,0.413221313125534,-0.6822733,0.5014246,4.137622
5008436,5.70052242812718,-0.465857089271387,0.406048477937194,-0.6933943,0.5216304,4.138997
5037941,5.8679762730549,-0.422515554463399,0.143410331081293,-0.7089045,0.5537812,4.145416
5060176,5.61974079945316,-0.373022628471275,-0.193883389461264,-0.7210835,0.5773672,4.147065
5090845,5.43547428245439,-0.158546960301917,-0.37039875527185,-0.738156,0.6103038,4.150296
5120059,5.75673945616098,-0.842945990915567,-0.256677826520392,-0.7521685,0.643661,4.157739
5140057,5.97508080062759,-0.985492855550568,-0.102894979221751,-0.7625125,0.6666945,4.161222
5163904,6.05657175167894,-0.98213625253157,0.134246235359784,-0.7733739,0.6934642,4.166294
5193177,6.06184909122139,-0.937010072494482,0.153776611949877,-0.7856709,0.7290052,4.174318
5215329,6.1623410713658,-0.958703573933557,0.222970549131574,-0.7957128,0.7539704,4.177875
5244911,5.78350679738703,-0.85545294225935,0.213753561667788,-0.8092195,0.7930551,4.18564
5269180,5.73478870092393,-0.794529256163276,0.278963287872,-0.8197711,0.8217691,4.187742
5298683,5.59477105321568,-0.3233863964238,0.507784567713452,-0.8342735,0.8643114,4.191373
5328032,5.33475910131368,0.228168148514263,0.248899159079598,-0.8451591,0.9041471,4.197594
5360976,5.3438564271826,0.787257552677507,0.385088409232175,-0.8571588,0.9454041,4.202124
5391491,5.27497256576943,0.637866293535948,0.318074081094391,-0.8670321,0.9904486,4.209192
5412817,5.44663644899953,0.746142895126606,0.27325514843504,-0.8753206,1.020672,4.211924
5443088,5.3684800438032,0.792718402240551,0.566572469780124,-0.8885219,1.065096,4.215662
5475962,5.34836550674335,0.815959650164,0.647857407181931,-0.8989767,1.112787,4.223412
5506456,5.34507468497649,0.760828104237768,0.84546488704872,-0.9101786,1.156325,4.228633
5535955,5.66446284792334,0.554033461537465,0.76871808641877,-0.9186673,1.200416,4.235907
5556479,5.80667735712669,0.56286070685536,0.83221038356235,-0.9252762,1.230736,4.240375
5578445,5.85949564410781,0.661972460048124,0.905882749045388,-0.9300374,1.262983,4.246519
5611046,5.69323303982367,1.01237530146496,1.02248805697328,-0.9401883,1.311748,4.254084
5630481,5.8439495074761,1.35172972472873,1.35736892423342,-0.9481723,1.344552,4.258615
5650014,6.04061845261464,1.7782348813253,1.55031645486087,-0.9531246,1.375702,4.263826
5670468,6.10084511682619,2.20242098145374,1.81792176481978,-0.9605162,1.408573,4.268706
5693590,6.10911973763571,2.83204496618301,2.11299765774962,-0.9677162,1.447527,4.275117
5713339,6.38892864237681,3.46178586641753,2.25304977997692,-0.971985,1.478945,4.280884
5733588,6.68564026049474,4.01362545600439,2.1040421195932,-0.9782099,1.511987,4.286926
5753846,7.11659906955363,4.36478223789398,1.90059299390893,-0.9839677,1.543529,4.292815
5773338,7.35198746880066,4.36879486689437,1.67798730291109,-0.9877801,1.576509,4.299168
5795981,7.31908256240821,4.30076838871601,1.42361534335841,-0.9928989,1.610947,4.307249
5818395,6.66305211183137,3.98403390282472,1.26142538463999,-0.9986919,1.647119,4.314757
5837934,5.88315489199303,3.83196983112803,1.09272936440468,-1.005523,1.684928,4.321941
5857441,5.41859051165393,4.03183286620705,1.04006127835352,-1.009339,1.718267,4.32812
5877428,5.60426070129281,4.26543408424942,0.99276277396647,-1.015511,1.75422,4.3346
5901063,5.92364053814371,4.39680828193041,0.948731857697078,-1.021486,1.79458,4.3414
5920543,6.80126626198676,4.39397583707389,0.985806986544506,-1.024686,1.827714,4.346494
5940821,7.22252019417511,4.56963631494649,1.16972694536984,-1.029832,1.863212,4.351929
5960512,6.86932434045327,4.33794014659434,1.33920490481248,-1.032499,1.896394,4.356807
5980474,6.27509118365385,4.26856378943729,1.32244893046432,-1.036969,1.931788,4.36218
6006973,6.09410864009155,4.08835744862202,1.16478677647674,-1.042586,1.97395,4.368146
6026477,5.79862823807291,3.89762416653846,1.04038754436882,-1.048979,2.014755,4.37369
6045962,5.53774864203193,3.75739196908883,0.797333912780436,-1.05226,2.050247,4.378254
6066401,5.4812620002071,4.00203336556429,0.704703061259019,-1.057891,2.089315,4.38359
6085976,5.9928677482023,4.37162683915479,0.783349985318177,-1.060735,2.12495,4.388238
6109510,6.16956831468733,4.72834296863087,0.819761311070219,-1.065609,2.167072,4.394052
6129758,6.15108514781508,5.45533511029816,0.71060671675451,-1.06935,2.207046,4.399418
6149837,6.24718498561057,5.64734373357412,0.731996232036109,-1.07267,2.245263,4.404492
6169715,6.68389618728514,5.29754039097349,0.822383510414775,-1.073787,2.280823,4.408939
6189786,6.86073713341206,5.07072002636446,0.722479536595024,-1.076384,2.319088,4.414342
6203966,6.83505097135328,5.0771640858474,0.727243067889104,-1.077487,2.339887,4.417309
6225439,7.11311529333953,5.11641303892503,0.815246862710678,-1.081706,2.38696,4.424286
6244944,7.17874395226781,5.09990029887168,0.852055951630323,-1.083292,2.42504,4.429427
6264989,6.79299466920468,5.09931410258335,0.55242713825772,-1.086691,2.466905,4.435593
6285840,5.62830195871769,4.82122937793215,0.530635812220436,-1.089678,2.508639,4.4419
6305036,5.12639677387505,4.63202572820393,0.543508599957791,-1.090298,2.547134,4.447161
6328056,5.20464044111256,4.63588997496846,0.443163875306908,-1.092425,2.596043,4.453211
6348583,5.8947497247658,5.00356760418296,0.43473196730076,-1.094427,2.637788,4.457435
6368551,6.63181834413024,5.40462925297369,0.506255869163918,-1.094456,2.676787,4.461418
6387995,7.92107712568503,6.19957455068541,0.436667264620342,-1.095774,2.718581,4.465542
6412793,8.4075538453405,6.60237437225088,0.346118924733346,-1.096536,2.762264,4.469913
6433995,7.89558769977637,6.62871196996213,0.483176379263348,-1.098544,2.814341,4.47253
6453823,7.12568348571928,6.27053759360215,0.62851309525065,-1.098556,2.855402,4.475244
6474338,6.87403850769716,6.11886756042403,0.570459003226308,-1.100153,2.899881,4.477307
6493796,6.16066717417413,5.45906959346546,0.345339085076247,-1.099479,2.941203,4.480046
6514980,5.52343769197358,4.8916176466098,0.109796317265922,-1.099966,2.989614,4.48061
6536975,5.58321928221111,4.37654381550809,-0.414209730793182,-1.099994,3.035991,4.479645
6556986,5.86770850946406,3.89214544883732,-0.599631683746197,-1.099707,3.080422,4.478779
6577078,5.92573816846103,3.42176794872884,-0.671177597179031,-1.097704,3.122397,4.479857
6598453,6.64679929926067,3.72715177722692,-0.544300213849783,-1.096664,3.17183,4.480019
6623024,7.1474650823833,4.01507658767347,-0.451485080921718,-1.095371,3.222109,4.480317
6642524,6.47278391645276,4.13092718506184,-0.215673752984371,-1.093561,3.270394,4.477872
6661970,5.36943303045384,4.29214528515514,-0.284919172146018,-1.090329,3.316011,4.478095
6681992,5.17209681033615,4.3045425690724,-0.393920713373793,-1.088318,3.360231,4.47614
6702602,4.92295997135952,3.72609234023444,-0.569690075311613,-1.085967,3.406523,4.474813
6722025,5.20633448675096,3.4871017245883,-0.584399917330722,-1.082581,3.45061,4.474298
6744918,6.31272716408474,3.55279821993421,-0.538758307460953,-1.079471,3.499114,4.471397
6765461,7.64629699298254,3.70677862558127,-0.516937010037563,-1.07611,3.545413,4.46867
6784907,7.77203473788438,3.67868457613351,-0.284133317859908,-1.07181,3.590059,4.46842
6807075,7.40020070488644,3.71993970203072,-0.0310541743442991,-1.068224,3.640102,4.466969
6828901,6.95161115570535,3.42256096778716,0.0611889205569175,-1.065002,3.689313,4.466386
6849775,6.73012033708558,3.11434396757189,-0.00172696121949008,-1.060267,3.747364,4.465246
6869463,6.5128707983385,2.92457519571561,-0.0113507564356886,-1.055744,3.793983,4.465946
6889469,6.06744985163398,2.70981223902496,-0.0629997852046855,-1.051734,3.843166,4.465189
6909472,5.87974570975961,2.94682306995688,-0.152962766397868,-1.046908,3.890201,4.46605
6930954,5.57848101235821,3.43758283801417,-0.197662371807781,-1.042205,3.941819,4.465079
6952493,5.42535703520133,3.9074815918493,-0.135140615821131,-1.037406,3.993753,4.463998
6972484,5.29960907092506,3.90428965698516,-0.0517376312618514,-1.032211,4.041622,4.464669
6992965,5.28651176517032,3.90363831439114,0.207846197518368,-1.027386,4.091392,4.463991
7014491,5.08721780617164,3.5516319992835,0.415301566925231,-1.022733,4.141564,4.463509
7035076,4.88458042745205,3.20541726709997,0.400886131015895,-1.017038,4.1947,4.463517
7057523,4.72088317617737,2.74941547137059,0.376081211411466,-1.01177,4.249983,4.462001
7077936,5.0275505771262,2.7526468010653,0.307983569210846,-1.007206,4.300426,4.460782
7097501,6.2027169996763,2.89107278468918,0.178648882167223,-1.002312,4.349177,4.460903
7117716,8.26524546421494,2.66834442378312,0.139524424598514,-0.9975767,4.402134,4.460096
7140704,9.38979881286185,2.03244184564307,0.382480593703559,-0.9933028,4.450138,4.459584
7161461,9.00010692075581,1.27724941591384,0.570714569423103,-0.9877934,4.507734,4.459028
7180934,8.195548972835,0.785151538881466,0.617061210625045,-0.9827608,4.557158,4.459828
7203059,7.59510074388568,0.489831255034251,0.552111099341987,-0.9776607,4.611352,4.460006
7222540,6.10336536782814,1.08117146720098,0.380484447278903,-0.9725994,4.666556,4.460611
7244095,5.29101366621548,1.4449535958419,0.249711085772019,-0.9670754,4.720045,4.462691
7265687,5.24496463558534,1.56071343544806,0.381599580946528,-0.961427,4.777648,4.464636
7295926,4.80376909170272,1.323785419489,0.830604547586076,-0.9532365,4.856911,4.467156
7325674,4.29186009652124,1.47342990675217,1.18589730513961,-0.9446236,4.935206,4.469847
7359058,4.72489133051437,2.05053987742899,1.1912854564531,-0.9351121,5.022687,4.472222
7378980,5.27023429464298,3.23190726878808,1.02568700453222,-0.9292605,5.074965,4.473696
7398966,5.05513744797503,4.00554693253573,0.802289032003723,-0.9233474,5.128426,4.474492
7420328,4.85977394830803,4.1720636560771,0.798650240108271,-0.9178284,5.186245,4.474829
7440691,5.04321967924344,4.12916117432782,0.757722785146661,-0.9125193,5.241475,4.474638
7463057,5.80996909404203,4.09902400031531,0.756500305665389,-0.906419,5.304424,4.474455
7482982,6.91767423595644,3.74630211899955,0.68314800365443,-0.9010677,5.358246,4.475086
7502967,7.37072609176195,3.19681317410181,0.581745664205956,-0.8956531,5.416046,4.475458
7522875,7.00766362536452,2.64020922733169,0.336380645727771,-0.8906185,5.467303,4.47655
7542934,6.01231449476087,2.21065901878374,0.224139979069254,-0.8854741,5.522357,4.477358
7566590,5.38856095872912,1.9866434182631,0.127723801459352,-0.8797674,5.582458,4.478847
7596052,5.35623486365027,1.79486348583698,0.176791975830566,-0.8722215,5.663595,4.48207
7617270,5.93225003115405,2.17094702281527,0.388718657708573,-0.8671387,5.723664,4.484281
7637384,7.33819540353292,3.25999016121281,0.485768811957505,-0.8619572,5.783565,4.486428
7658458,7.77026594736425,3.85170998635102,0.549947276115074,-0.8565823,5.844158,4.48919
7680231,6.89498323857382,3.76844716679858,0.577590353464172,-0.8511539,5.906469,4.49195
7700490,5.91398822527662,3.49777547966152,0.552616747434362,-0.84641,5.960407,4.494286
7720443,5.47535581811436,3.25589792751356,0.562200936290887,-0.8414359,6.018099,4.496488
7750840,5.18742291329357,2.14539549067303,0.604591302714523,-0.8342721,6.102815,4.499641
7773933,5.08660397259302,1.93029282564651,0.658724153462186,-0.8288982,6.167215,4.502265
7793832,5.41801378810908,2.36385951944275,0.593019410639716,-0.8244603,6.222294,4.504338
7814173,5.59459750846433,2.50750317538341,0.570363116045029,-0.8198693,6.279855,4.507284
7834665,5.343030506713,2.59888793765446,0.475509592534578,-0.8153402,6.338813,4.510383
7865708,5.35490074514206,2.80879219602555,0.398859639251848,-0.8088469,6.425119,4.514347
7887060,5.61890852027817,3.0844815178259,0.422941244314842,-0.8043019,6.486447,4.51755
7907572,5.62520750888956,3.15994846849853,0.505824230067606,-0.8000655,6.544845,4.520472
7926998,5.88597029846161,3.18932660504999,0.505350991165192,-0.7961838,6.601505,4.522497
7947463,6.11331303054651,3.21050272299708,0.562512678648301,-0.7921589,6.659525,4.525439
7967010,6.02488709676099,3.07649002314845,0.594512159659778,-0.7884634,6.716078,4.527219
7990056,5.95640928493094,2.86084493707411,0.535470136612106,-0.7838312,6.784947,4.530148
8011460,5.81688312156146,2.83008501582322,0.456818462996241,-0.779982,6.846216,4.533119
8031844,5.64388597080241,2.82723261725588,0.431984025884849,-0.7766476,6.90539,4.536057
8051405,5.41515709761381,2.89335698156526,0.379738816299929,-0.7734438,6.962748,4.537766
8074084,5.33162164899751,3.02164588422943,0.426909997110776,-0.769917,7.02715,4.540566
8094081,5.32220507521455,3.15798886480846,0.43575793635474,-0.7668231,7.085749,4.543033
8114413,5.50633933863518,3.14877691000381,0.477116584489392,-0.7638773,7.142866,4.54451
8134078,5.6022243081831,3.19393454750981,0.475006011874139,-0.7610043,7.201238,4.546979
8154735,5.60283830294103,3.09183515703549,0.471916282040452,-0.7581698,7.259358,4.549368
8174466,5.46705706397305,2.94569036344612,0.442424793498862,-0.7554792,7.316271,4.55087
8197964,5.4622437960361,2.93238050630546,0.470145910411461,-0.7521521,7.38548,4.553017
8218829,5.48947484822588,2.88075753604691,0.456690163328561,-0.749328,7.447599,4.555863
8238760,5.49656449753529,2.83902422700642,0.462350654046679,-0.7467504,7.506692,4.55848
8258329,5.65141771609123,3.00371846450675,0.447762502204862,-0.7443431,7.56429,4.560025
8282667,5.7794692904355,3.16143499139356,0.399606764892308,-0.7417578,7.625954,4.562584
8301499,5.5507888630619,3.1945707423696,0.405593452857362,-0.7391642,7.690163,4.564644
8321325,5.47087577568969,3.2807865817535,0.439050667632601,-0.7371066,7.747486,4.565801
8341506,5.48886306810962,3.32884914764631,0.51295694533238,-0.7348656,7.805711,4.567594
8361754,5.69717772016571,3.17152913416979,0.543229644951546,-0.7327783,7.863827,4.569327
8381357,5.77025399427885,2.98369604747798,0.56631497379383,-0.7309934,7.920958,4.569939
8405884,5.87017961011688,2.95019735729267,0.492555030038098,-0.7286863,7.991223,4.571122
8426491,5.535381076591,2.94137161012521,0.462343509846649,-0.726779,8.051105,4.572823
8446082,5.45677197091145,2.91164232762369,0.384963585425919,-0.725324,8.109128,4.573874
8465927,5.28521490599123,2.91056518811715,0.401447398678711,-0.7236422,8.168507,4.575451
8489954,5.3067039131773,2.99078143421634,0.435753601678645,-0.7218959,8.233319,4.576932
8509505,5.42645580610519,3.17707800575162,0.438152252858195,-0.7203791,8.295015,4.579007
8529001,5.70886839463642,3.35244585149157,0.48333577226087,-0.7192863,8.352782,4.580176
8549455,5.60416379362009,3.33887613954429,0.487224683857407,-0.7180435,8.411557,4.581956
8569326,5.43298919338248,3.21636834282692,0.455767813485045,-0.7171169,8.469167,4.582848
8590065,5.40443786643909,3.19850658293411,0.410694980847107,-0.7158846,8.533339,4.585019
8614189,5.46638271579603,3.03223112870185,0.506769023464129,-0.71499,8.597969,4.587567
8633018,5.5294018675408,3.054439493458,0.451647710791081,-0.7144603,8.657329,4.589946
8652944,5.48015905086872,3.18754875058125,0.414970688385993,-0.7141227,8.71535,4.590984
8673327,5.35160887797498,3.39615746544218,0.460712537422917,-0.7136407,8.77443,4.593061
8695987,5.26401354713511,3.41531056727754,0.49796547343141,-0.7132431,8.833394,4.595114
8716082,5.17439057181485,3.14594284803859,0.442685335946943,-0.7130635,8.896137,4.596047
8736099,5.23584825708947,2.76245959396093,0.472302688044858,-0.7129816,8.953453,4.598128
8756780,5.13390601172624,2.50796449705152,0.518136915292742,-0.7129254,9.010561,4.600226
8786330,5.30415763719623,2.18546639417924,0.387812182429389,-0.713174,9.095277,4.60205
8811331,5.33603380545335,2.13317716760029,0.348841929856537,-0.7131782,9.163789,4.603118
8841189,5.2180511423224,1.88865079840901,0.449524564326481,-0.7129831,9.250303,4.603814
8870917,5.53664468583591,2.09594672918467,0.501193985001845,-0.7132123,9.335656,4.60399
8891661,5.38413676815829,2.39536637233217,0.553252255350961,-0.7132146,9.393109,4.604411
8914018,5.30116847545095,2.82564206044977,0.584317912530871,-0.7137219,9.458095,4.604551
8934000,5.17147598803687,3.43132185936122,0.534876485282786,-0.713867,9.515457,4.604948
8954681,5.08656810395607,3.83560561326986,0.494581119918787,-0.7141312,9.572705,4.605257
8974005,5.18965642068738,4.01001887491183,0.576898920595065,-0.7146988,9.629396,4.60515
8994459,5.34535318240326,3.80842214499862,0.616047421389286,-0.7151064,9.686599,4.605462
9020370,5.43818453089915,3.58754505047996,0.594396477330385,-0.7155634,9.755736,4.605971
9039740,5.49604247227204,3.55647570581914,0.533663432000362,-0.7155403,9.817199,4.606437
9059095,5.57307418250953,3.50524331629631,0.466032738001527,-0.7160941,9.87746,4.60639
9079724,5.43318094903157,3.37165921306161,0.421691703344038,-0.7161134,9.93314,4.606755
9100049,5.36198100283902,3.29251466847033,0.432346717002944,-0.716228,9.991439,4.607412
9122507,5.33284897256688,3.31865939247075,0.482905658769733,-0.7169949,10.0515,4.607818
9142060,5.17693861444296,3.40232819043714,0.561720441524596,-0.7175238,10.11185,4.609638
9161961,4.94481094200113,3.42130194888942,0.640321448757122,-0.7180471,10.16928,4.611209
9181977,5.06590142396987,3.44507956972758,0.538267204370855,-0.7191419,10.22593,4.612253
9201992,5.27036279061635,3.38377527735546,0.460996268635986,-0.7198012,10.28315,4.613638
9227927,5.39597124905315,3.28325559044597,0.359282664470164,-0.7209473,10.3518,4.614583
9247719,5.39291112488622,3.00991597477655,0.274692690595585,-0.7219534,10.40926,4.615008
9276952,5.16520970252507,2.67639449559806,0.271472458397214,-0.7239772,10.49429,4.615783
9307794,4.74196671646534,2.85465592931784,0.41731707302112,-0.7258254,10.58,4.616714
9330003,4.74051279575913,2.83847467247274,0.523518878547617,-0.727801,10.64477,4.61733
9350429,5.05256478711386,2.9216653411975,0.599145888370987,-0.7292332,10.70175,4.618378
9370465,5.50451274300208,3.09796463608143,0.573353834640691,-0.7307532,10.75869,4.619132
9390011,5.66834670146708,3.11163778489524,0.510436212218521,-0.7325884,10.81505,4.619276
9411769,5.72129182179572,3.07533723491917,0.479190411998447,-0.7337953,10.8769,4.619434
9435046,5.57425761300969,3.14842733474189,0.480780376592627,-0.7353916,10.94416,4.61943
9454846,5.39884423559529,3.13431194579844,0.389019467877107,-0.7367306,11.00284,4.619547
9474337,5.2022960801583,3.14926244286072,0.366225132800371,-0.7387876,11.06018,4.619451
9494775,5.05960578817355,3.28035085225289,0.388772914373863,-0.7403223,11.1186,4.619634
9514979,5.18442226516728,3.38530481211703,0.353781530009645,-0.7419502,11.17691,4.619166
9537915,5.16737659271226,3.38540649405708,0.267101902546148,-0.7437866,11.24076,4.618033
9557516,5.11240237517099,3.48465745761236,0.360213456022845,-0.7461886,11.30086,4.617379
9577436,4.98547941147616,3.61313491290437,0.43632777270767,-0.7480134,11.35876,4.616551
9597852,4.8335554505077,3.56895549734646,0.400714690918317,-0.7498638,11.41655,4.615804
9618853,4.68386087093766,3.48050579039568,0.362004944053725,-0.7514577,11.47735,4.615041
9641941,4.78754256841534,3.46691698173873,0.400569653989261,-0.7522316,11.54244,4.613362
9661992,4.97762096290269,3.25006395646806,0.4005213102109,-0.7529715,11.60178,4.611598
9681892,5.06206892224068,3.01549372846751,0.47592809277931,-0.7548071,11.65991,4.610123
9702088,5.07009851770252,3.04167405634859,0.529111730154198,-0.7557247,11.71916,4.608403
9722018,4.97911685484899,3.29417624132882,0.559216146922542,-0.7567983,11.7782,4.606711
9744968,4.95589604982421,3.39883207980482,0.514367954006045,-0.7593169,11.84476,4.605125
9764985,4.76893181777936,3.43114743940883,0.467585142098594,-0.7606665,11.90348,4.603803
9785751,4.9467217907696,3.48673107456476,0.353437354448746,-0.7621026,11.96197,4.602545
9805001,5.14243751575953,3.48094702021007,0.287572067527766,-0.7643256,12.01971,4.601455
9826539,5.06923383873898,3.26119774792852,0.318011428685461,-0.7645507,12.08494,4.600509
9849892,5.00077386624216,3.09922058230264,0.394401474541645,-0.7651442,12.15269,4.59898
9870470,5.10270863822381,3.10095722574691,0.32403148211386,-0.7668586,12.21072,4.597771
9899982,5.00952470931516,2.97813054762887,0.394574766709674,-0.7676274,12.29886,4.59517
9919927,5.32571310169715,2.88321657861407,0.408181693195637,-0.7695919,12.35656,4.594365
9939892,5.60150101709335,2.97654717533763,0.341223485402496,-0.7704123,12.41495,4.593377
9963694,5.45984064547183,3.10312878400854,0.416122648942797,-0.7717133,12.48178,4.592876
9983701,5.26071927379498,3.20078187564392,0.459722468692686,-0.7728378,12.53988,4.59246
10003709,5.08960829203377,3.25093631526178,0.499656323185845,-0.7752171,12.60014,4.592127
10024691,5.02973865577102,3.32263991632683,0.469244447375052,-0.7748587,12.66217,4.591956
10046848,4.99670541255766,3.20637136962589,0.474003429520425,-0.7745735,12.72112,4.591804
10066941,5.02072562475022,3.15962504214919,0.48288822230522,-0.7762727,12.78176,4.590989
10087008,5.19961261561525,3.11915870280051,0.452982147355485,-0.7762754,12.84042,4.589648
10107326,5.06729626036078,3.16184432173287,0.28259879462834,-0.7765561,12.89891,4.588493
10136972,4.91136451181191,3.22842345791886,0.421676824112606,-0.7787184,12.98547,4.587551
10160785,5.10757161845969,3.26594075613823,0.415234715801094,-0.7797019,13.04931,4.586249
10180025,5.23741948924583,3.35558983563348,0.42514544245613,-0.7816656,13.10678,4.585275
10200013,5.40558758353078,3.47061752078866,0.462177796522904,-0.7825731,13.16477,4.58386
10220989,5.4111233812362,3.51802826128709,0.459506538414912,-0.7818725,13.22659,4.583627
10241187,5.18708144976209,3.57079372066066,0.346715821000328,-0.7831317,13.28436,4.58349
10263820,5.04136214528641,3.67009998877266,0.34313660784932,-0.7834597,13.35434,4.581635
10283945,4.94730703569432,3.72144535447257,0.370507376357831,-0.7832536,13.40995,4.580049
10304786,4.92696351714313,3.69168992315259,0.427582472519637,-0.7834271,13.46819,4.578556
10333993,4.6945951887615,3.53134154585461,0.471289460006666,-0.7854098,13.55457,4.577205
10356789,4.54514757174356,3.27726370329679,0.509970508112419,-0.7860048,13.61241,4.576114
10387006,4.7538924815996,2.96421638858955,0.399286491835638,-0.7890608,13.70682,4.575667
10408028,4.95589923810601,2.96725895957813,0.393658980023761,-0.7890117,13.77066,4.57574
10428743,5.23034084630236,3.02276985270987,0.389948173116552,-0.7872599,13.82651,4.576262
10448027,5.23356398295958,3.11793216522616,0.408248250496133,-0.7884465,13.88686,4.576687
10470540,4.9981606587147,3.24843667163,0.484293553639519,-0.7874274,13.9452,4.57618
10490555,4.95911769023223,3.37153586885646,0.549577317475272,-0.786766,14.0037,4.576246
10510557,5.02634691575505,3.29089989396238,0.539690956651147,-0.788282,14.06132,4.576766
10530548,4.99698194341154,3.3105243432791,0.527272072081712,-0.7881144,14.11952,4.576962
10551093,4.78467254436284,3.42381576449382,0.54652593672132,-0.7881566,14.17761,4.577138
10573993,4.74752457514972,3.51186867194873,0.517065265602649,-0.7889557,14.24406,4.577271
10594005,4.69962346866623,3.42929194860694,0.471609995094538,-0.790773,14.29856,4.577553
10615790,4.47025256344577,3.26445160155079,0.501604380009601,-0.7893186,14.36216,4.577747
10645207,4.61655337702925,3.07222436966242,0.640522689127754,-0.7875247,14.45164,4.577814
10668872,4.90175557353809,2.95231911962862,0.706382381904057,-0.7874101,14.52062,4.578253
10698690,4.77705006852511,2.8412778184874,0.773844026292811,-0.7887889,14.60635,4.579105
10728049,4.8861297115323,3.14295999620873,0.690597912876423,-0.7905514,14.6921,4.579777
10748036,5.15707787537803,3.15428289963027,0.627679211153639,-0.7908036,14.74937,4.580153
10771019,5.3312822308275,3.07735279487017,0.667361283761674,-0.7913248,14.80652,4.580673
10791860,5.27077982424067,3.05780276005306,0.661038934601861,-0.7941037,14.87186,4.580413
10813079,5.19352120387996,3.08052475073586,0.573611946514136,-0.7924723,14.93222,4.579751
10833005,4.94246662564753,3.14575314587422,0.555932420247186,-0.7911514,14.98955,4.579098
10863037,4.6370574403012,3.3917843067178,0.711547849373955,-0.7921365,15.07517,4.578513
10885940,4.76756843688667,3.49345648784756,0.727312643217659,-0.7921999,15.14086,4.577932
10905962,4.89183965799364,3.5914852211654,0.795942367905791,-0.7920507,15.19794,4.577438
10925927,4.80863261865309,3.60998413780964,0.916157148831369,-0.7939815,15.25478,4.577208
10946482,4.65753631748872,3.45201677623468,0.963388105474626,-0.7942343,15.31179,4.576694
10975979,4.50417802926543,3.17898309629034,0.770185525286073,-0.7967716,15.39693,4.576527
10999083,4.532779686869,3.06708222668463,0.759430932391674,-0.7982048,15.46224,4.576406
11020016,4.74312389190677,2.95759333639643,0.817020790945269,-0.7963635,15.522,4.576673
11040585,5.30232845866978,2.79766625375951,0.791359548411556,-0.7947826,15.5787,4.577025
11060014,5.39853742677172,2.85890200912008,0.758762628952685,-0.796109,15.63527,4.577328
11081809,5.05360595665879,3.05073110193626,0.833782976804217,-0.7955493,15.69761,4.577394
11103783,4.74979223760301,3.2422090306104,0.804822955308066,-0.7953665,15.75984,4.57737
11133085,4.52451680963334,3.16985322603708,0.760200041925083,-0.7970358,15.84456,4.577323
11163733,4.46616788088909,3.21713845932052,0.883133969299042,-0.7973493,15.92907,4.577359
11196940,4.90166637499073,3.29195483839521,0.929000015394236,-0.7988951,16.02192,4.577227
11219029,4.92272570641693,3.33584880728726,0.871715804764416,-0.7996081,16.07805,4.577366
11247932,4.84658133973505,3.22547416938132,0.911401209514102,-0.7968251,16.16464,4.577546
11278064,4.7435577559982,3.08436209569392,0.853927082610804,-0.7972866,16.24856,4.577774
11300885,4.79673985239403,2.9917117284387,0.852674498435048,-0.7968544,16.31276,4.5777
11331056,4.7782759726324,2.98814661439375,0.983062283085655,-0.796151,16.3963,4.577857
11360846,4.58186108983188,3.00904795105228,0.945153068859425,-0.7981321,16.47994,4.578231
11390821,4.59803356179534,2.93267851619809,0.8988570657922,-0.800484,16.5635,4.578519
11414958,4.68223873648252,2.82228828108582,0.902268952842327,-0.8002787,16.63286,4.578639
11445061,4.91203979075474,2.92983818118308,0.807876044059691,-0.7965095,16.71566,4.578378
11465039,5.14181967503496,3.11529646476727,0.769515383322387,-0.7976311,16.77127,4.578444
11485075,5.22515997447993,3.25350852826461,0.822801361041581,-0.7960537,16.82639,4.578412
11508331,5.25219810170841,3.3811722941719,0.846081229066762,-0.7955582,16.88993,4.57788
11528845,4.88542652629354,3.4604973102087,0.866669507281075,-0.7946482,16.9423,4.576892
11558923,4.30110298696435,3.22493167090621,1.00538675618549,-0.7967602,17.02823,4.576036
11588992,4.31450654933639,3.01071494581969,0.99373303039313,-0.7969944,17.11099,4.574347
11613013,4.40008768801184,2.98901842449084,0.940053097285952,-0.7965133,17.17425,4.573342
11642564,5.00666868777738,2.932326202658,0.870378975218687,-0.7963578,17.25961,4.572805
11662533,5.17921390479455,2.85050644653478,0.887421681678438,-0.7944398,17.31428,4.572335
11682678,5.1137637821445,2.67782743573985,0.931459127587686,-0.7958446,17.36958,4.572335
11704094,5.0660390607755,2.69412882495434,0.979700765544535,-0.7949257,17.42699,4.57149
11725450,4.99667393373611,2.83095996253624,1.00504930338882,-0.7946826,17.48727,4.570167
11755172,4.83924754919839,3.04766340617895,0.927402370002068,-0.7966579,17.56998,4.569129
11775092,4.74888220085661,3.36090856148286,0.867669869147297,-0.796813,17.62484,4.568057
11798079,4.68238685873743,3.47099239536582,0.835784230439293,-0.7955802,17.67949,4.567904
11820889,4.61741564002443,3.41355819574366,0.873325025449775,-0.7938907,17.74471,4.568876
11850550,4.7951866254969,3.25352261873475,0.970770992627466,-0.7941673,17.82652,4.570168
11870892,5.13452206868738,3.35462149528608,1.06434630315319,-0.7927865,17.88081,4.571024
11890484,5.19602293426983,3.2993890996685,1.06753034806274,-0.7944306,17.93567,4.571853
11913754,5.02563388021012,3.2684271073855,1.02700333502586,-0.7938062,17.98979,4.572857
11943922,4.60276997346733,3.0460998826891,1.02810062132076,-0.7939434,18.07351,4.573574
11973492,4.15591605780503,2.98988717059473,0.939244382847514,-0.7967939,18.15497,4.574427
12005717,4.47928594010182,2.94304697246511,0.901013981617107,-0.7964391,18.23602,4.574881
12028040,4.82483512687058,2.8175946922499,0.893457643844567,-0.7986535,18.30158,4.575461
12058710,5.03450621268957,2.71335182736046,1.00909226844429,-0.7962874,18.38286,4.575844
12088041,4.70773045100459,3.0071610439079,0.998519224737625,-0.7977111,18.46479,4.576434
12122821,4.43591600034816,3.51242625834146,1.04601727117412,-0.7975072,18.5491,4.576962
12151686,4.68014304056034,4.26541373216644,1.03249082197854,-0.798848,18.63913,4.577617
12171344,4.79895528142958,4.48233544214494,1.03638380244199,-0.8017641,18.69393,4.578122
12191450,4.88602097652946,4.2925796903656,1.13161550865459,-0.8029142,18.74839,4.578525
12213829,4.79633331395336,4.09505928706422,1.17774927795285,-0.8004763,18.80235,4.579868
12236851,4.59333049053956,3.94014138069488,1.12615333644036,-0.799724,18.86728,4.581699
12256529,4.43026466874605,3.7880837411396,1.05022667211903,-0.8016379,18.92166,4.582997
12276471,4.57585847557964,3.55235296129521,0.943398007140375,-0.8004993,18.97291,4.584396
12296061,5.00488082846208,3.45821320359524,0.894882673059446,-0.8030408,19.02994,4.585599
12316818,5.09238142664449,3.36239499984189,0.896148041591816,-0.8028999,19.08368,4.587059
12339999,4.7995725745526,3.17076449856649,1.01037922628297,-0.8040752,19.14551,4.588121
12369814,4.33546416783535,2.8816404350379,1.18302821949846,-0.807296,19.22623,4.589073
12401712,4.37337203586979,2.77592493635571,1.12015682798284,-0.8092659,19.30632,4.58999
12433983,4.51468823898771,2.71831100268104,1.05040988271356,-0.8071656,19.39709,4.591137
12464043,5.05542786297428,2.68466136521867,0.921286107266492,-0.8055294,19.47668,4.591845
12493884,4.86516412970774,2.89586923048129,1.00385684729894,-0.8077506,19.55612,4.592107
12524042,4.71763750417314,2.90325756584435,1.00585779199713,-0.8106297,19.63501,4.592507
12547803,4.67546713992876,2.98532367736663,0.991002467981714,-0.8117104,19.69246,4.592616
12577506,4.46404433245037,3.01345068422136,0.936016456844992,-0.8133013,19.77034,4.592654
12608992,4.15782401906723,2.67136618842265,0.855805567894624,-0.817552,19.84775,4.592623
12643007,4.03379335481774,2.59152588192772,0.994340299688013,-0.8165402,19.93406,4.59393
12672713,4.54973267210667,2.65601300404061,1.01854891128913,-0.8161086,20.01196,4.59254
12702516,4.72265172589426,2.86535298899705,0.931066360324229,-0.8191571,20.08708,4.591808
12732031,4.77512224865634,2.75434099559404,0.725199207406375,-0.8227026,20.16139,4.591217
12755458,4.72667530626243,2.47443670772896,0.651974464781537,-0.8249339,20.22032,4.590167
12785805,4.78486242520501,2.28632115484532,0.742843516170544,-0.8274331,20.29313,4.588938
12807018,4.9477173828558,2.54799636699377,0.819057073611681,-0.8292271,20.34169,4.588861
12827001,4.94812576343814,2.95166795544931,0.906516256169527,-0.8275955,20.38975,4.588642
12849975,4.7728671685852,3.15030122738962,0.967376037272678,-0.8265218,20.43746,4.588623
12880761,4.07943240369301,3.17833161240056,0.979313267080957,-0.8271928,20.51788,4.58948
12910090,4.33388046228307,2.7887595728104,0.863944770260406,-0.8305861,20.58784,4.590201
12940067,4.76280384089839,2.4002275421454,0.688574168700483,-0.8343939,20.65707,4.590681
12963796,4.93583255604941,2.19329871564888,0.663032809651739,-0.8365384,20.70942,4.591765
12993812,4.86096832128522,2.02527444060304,0.704391038950412,-0.8391355,20.77676,4.593244
13025033,4.58933357577855,2.31135439007058,0.868525481116987,-0.8407891,20.8488,4.595006
13056712,4.65299824127673,2.51923513149317,1.01409482538039,-0.8393939,20.91777,4.59748
13078622,4.75736754519943,2.84853334982644,0.986426883241912,-0.8387696,20.96184,4.59901
13108515,4.46686433434134,3.06950295080156,0.85864537445892,-0.8413852,21.02706,4.600212
13138631,3.9503987747665,2.70207777401911,0.872609143644502,-0.8418881,21.0914,4.601729
13170975,3.81785063788743,2.3693593010797,0.951433678427239,-0.8461127,21.15884,4.601355
13202042,4.21133259619621,2.17240624213068,0.966372428550019,-0.8464174,21.22276,4.601844
13232718,4.65570131566703,2.16876285503821,0.792875590843147,-0.8434709,21.28381,4.603597
13263921,4.71643425480059,2.24417267772527,0.631118838182334,-0.8451907,21.34562,4.604504
13295030,4.82251818355464,2.09513143794468,0.663355390601972,-0.8451896,21.40829,4.605747
13325644,4.65011348582365,2.09217648470322,0.63601302114604,-0.8481585,21.46602,4.606146
13355939,4.44142829823716,2.12799439566303,0.444139590916817,-0.8494722,21.52265,4.607151
13389680,4.40534325842302,2.25304694733003,0.21806732649839,-0.8539932,21.58001,4.607325
13419328,4.46643390813399,2.02341964110349,0.127596817643093,-0.8538848,21.64036,4.60989
13449690,5.05058192178404,1.68535572975523,0.117192752613052,-0.8554804,21.69424,4.611645
13482191,4.89258234847033,1.47450266325623,0.146535861811638,-0.8557155,21.75233,4.613441
13512696,4.78058288812059,1.34551891848495,0.169230294493705,-0.8563984,21.80368,4.614636
13542490,4.45476578137089,1.08310237064213,0.236159305741454,-0.8603957,21.85382,4.615065
13572329,4.56664824700777,0.859752404575792,0.272063774864989,-0.8648945,21.90277,4.615294
13605329,4.74063427783475,0.944152773891844,0.336161566268707,-0.8688982,21.95516,4.615448
13637827,4.83522940651806,0.964321183537727,0.269759635477432,-0.8668965,22.00127,4.617793
13667027,5.00223155334927,0.841231329856689,0.210401879269252,-0.8696892,22.04772,4.618947
13691451,4.90066386525342,0.821521989927847,0.1983742509734,-0.8702429,22.07981,4.620283
13719985,4.61773036045821,0.879758533564855,0.233231589482969,-0.8742328,22.12537,4.621471
13750696,4.2700995479437,1.0327495548647,0.328469803779229,-0.8754258,22.16525,4.623381
13780027,4.19094314685961,1.16393998224669,0.418349199185508,-0.8798479,22.20541,4.624315
13814719,4.77155146316449,1.00132034179179,0.265443938303908,-0.8817614,22.24781,4.625594
13844439,4.78584351424404,0.905272787892906,0.0660802852409095,-0.8833727,22.28504,4.627145
13874716,4.6123829938871,0.780336062324574,-0.00438705517598702,-0.8824818,22.3209,4.62954
13908920,4.15855381009394,0.496013685478958,0.0946529495754017,-0.8834863,22.35894,4.631089
13938643,4.08863598433351,0.263107449145579,0.251813969029446,-0.8870215,22.39205,4.631183
13967999,4.66785260897716,0.325300894918178,0.216499564839567,-0.8909805,22.42402,4.631272
14002743,5.08664872833367,0.220585679171384,-0.0794804546981527,-0.8939679,22.4566,4.631642
14034056,4.99922341161114,0.170949471146546,-0.214248134001127,-0.893643,22.48653,4.631615
14063884,4.73215261067938,0.169230575889311,-0.234563014701757,-0.8951756,22.51316,4.632293
14093891,4.80336574867503,0.157896767282504,-0.0614413970396591,-0.897203,22.53864,4.63278
14116931,5.33426284483154,0.105380041990707,0.00903347833492397,-0.8979234,22.55717,4.633252
14147446,5.54195790820755,-0.00715540259251231,0.109546243476022,-0.898026,22.57955,4.632462
14176944,4.49813583209048,0.356666776606418,0.386252089435142,-0.9012533,22.60221,4.631836
14209982,4.05639082470206,0.600767233868937,0.570200002532574,-0.9048852,22.62379,4.631067
14242985,4.30208230404067,0.685463131301383,0.633099595957603,-0.9039042,22.64783,4.630156
14272952,4.60568585031782,0.888984741531917,0.334969886453083,-0.9003946,22.66661,4.629464
14303496,4.42337190798838,1.00167869130942,0.127478574255668,-0.9012687,22.68487,4.628671
14336056,4.30007327872121,0.668752430121187,-0.0703528964589887,-0.9005942,22.70335,4.624626
14366746,4.77005502813843,0.256603407456296,-0.109384560990088,-0.9023925,22.71887,4.620384
14396750,5.35747444902885,0.0391837822587377,-0.0623006992299204,-0.9029749,22.73415,4.615577
14419013,5.41867908848543,0.112324821811245,-0.145873031436347,-0.9040245,22.74416,4.613502
14451431,4.99024414153308,0.684411001605613,-0.185987040261503,-0.9005448,22.75711,4.610683
14481497,5.07100746916367,0.673502946542819,-0.405529126749891,-0.8977343,22.76765,4.608333
14511021,5.65582296055883,0.569137465221168,-0.514334540555918,-0.8989162,22.77789,4.606564
14534883,5.41134219229007,0.644032785549587,-0.428668100020863,-0.8986596,22.78428,4.605407
14564587,4.85455616986901,0.559917187096313,-0.446742774870508,-0.9002166,22.79188,4.605032
14594707,5.20562746494272,0.364811907888911,-0.285100046971563,-0.9006181,22.7984,4.60477
14626846,5.46704146347141,0.467053368594035,-0.463558002880755,-0.9017422,22.80382,4.605195
14649034,5.98678155120618,0.710680468283091,-0.628240120595482,-0.8987319,22.80569,4.605822
14669609,6.23787735592358,0.993228527594309,-0.720679036846599,-0.8962451,22.80716,4.606233
14689056,6.02057022141285,1.02529964700442,-0.722683595176054,-0.8972782,22.80914,4.606386
14719697,4.90665983745863,0.603553053710731,-0.506245985151068,-0.8949533,22.81004,4.606839
14751990,4.34584725991868,0.169376067078344,-0.194342263733796,-0.8964188,22.81069,4.606695
14782500,3.9985762812657,-0.324323899393474,-0.244739939392894,-0.8955532,22.80946,4.606023
14812983,4.5537832395277,-0.985143405411296,-0.477838555270917,-0.8955309,22.80736,4.606457
14836032,5.41390733973214,-1.28637064056206,-0.669160470504804,-0.8921815,22.80445,4.608242
14857190,6.77396529345945,-1.35757602793307,-0.816417222940572,-0.8907055,22.80095,4.608457
14877021,7.41882519254176,-1.09731415582941,-0.739833951641387,-0.8918936,22.79823,4.608659
14896812,7.17987496198647,-0.685020727044576,-0.458030991932679,-0.8903372,22.79435,4.609014
14916927,6.13875210937651,0.163664364982465,-0.284126798522603,-0.8895888,22.78997,4.609463
14950962,5.13575784329858,0.500295204937395,-0.101034287327439,-0.8912454,22.78348,4.611364
14980035,5.27159344835272,-0.36011687709693,0.0443097989077909,-0.8915364,22.77565,4.613393
15000056,6.07168926429905,-0.529298213553539,0.0076649172151412,-0.8939418,22.77081,4.614335
15021183,7.58611945195526,-0.284816654837963,-0.0388938918560706,-0.8927891,22.76364,4.616351
15044567,7.50176819721236,-0.221660586909353,-0.146414885706709,-0.8901518,22.75506,4.619179
15064478,6.21808262375324,-0.350974164212294,-0.22227205293419,-0.8874068,22.74701,4.620507
15094466,4.41187095261747,-0.806204667235565,-0.127177989289713,-0.8871413,22.73568,4.621675
15124999,3.34679238929664,-2.0208109475767,0.0238927127737625,-0.8849502,22.72233,4.622869
15157367,3.72537761172874,-2.51698784906101,0.142807365564067,-0.8864862,22.70849,4.623763
15187083,5.20882180163895,-2.31623157240997,-0.0662798101131216,-0.8860614,22.69375,4.624969
15207868,5.87382381787943,-2.42298132854962,-0.218052734411949,-0.8845739,22.68204,4.626127
15228810,6.23063086685318,-2.63136217138415,-0.297944367364962,-0.8816258,22.66917,4.627754
15252670,6.57604457001253,-2.67074345000305,-0.223134621506396,-0.882818,22.65755,4.628561
15271026,6.57507687119591,-2.33118556625165,-0.0302190939283533,-0.8812276,22.64371,4.631977
15291481,5.93617784643313,-2.1611128355399,0.180467509817007,-0.8796567,22.63077,4.635175
15321504,5.0166799583561,-1.99448984452238,0.275933673935771,-0.881005,22.61236,4.638102
15351062,4.3703948308126,-2.66153192608838,0.0936785594623939,-0.88304,22.59335,4.640784
15374513,4.68579047967364,-3.86048462481795,0.0756435493054139,-0.8840182,22.57782,4.642406
15394336,5.97425002404413,-4.77418007836025,0.0209427872768103,-0.884812,22.56401,4.64284
15416987,7.12552894042857,-5.05552323196842,0.0844987121911419,-0.8838366,22.5486,4.643272
15436469,7.09938272140941,-4.20469495071125,0.151413958406974,-0.8809659,22.53302,4.643945
15459048,6.09287123146216,-3.1192407819612,0.190938928058879,-0.882874,22.51724,4.643842
15489494,4.1739651788854,-1.90200481031523,0.0705595109377708,-0.8793553,22.49472,4.644433
15519093,3.97154221052907,-1.19544675421235,0.101679608625328,-0.8801845,22.47282,4.642867
15539478,5.9075453189798,-1.55134310056024,0.268112067044056,-0.8794001,22.45714,4.642173
15558991,6.98188497649751,-1.7523526686074,0.254219811665044,-0.8815201,22.44264,4.640819
15582033,7.43401123712632,-2.21566030802116,0.123555057085837,-0.8819352,22.42513,4.639346
15604065,6.76086475939793,-2.33639079074669,0.0192687158796709,-0.8821768,22.40949,4.638019
15623944,6.37832359823383,-2.4923440142705,-0.123309758100472,-0.8789316,22.39095,4.638706
15643212,6.26135030632467,-2.60124330007929,-0.243795490658562,-0.8797483,22.37495,4.638496
15667989,7.01689212512525,-2.7246221237612,-0.236061698861166,-0.8775205,22.35629,4.639241
15687014,6.97456956659563,-2.07920787878912,-0.0707872144341547,-0.8754923,22.33729,4.641167
15706982,7.21930807450449,-1.94141407665252,-0.0710057182479472,-0.8766615,22.32043,4.641695
15727741,6.7128374265872,-2.81226932878075,-0.0714010348586612,-0.875071,22.30192,4.643544
15747440,4.66206673161262,-4.90270448134179,-0.169012573743957,-0.8738703,22.28326,4.645123
15768881,3.3452192862393,-6.26234324258016,-0.153688328769502,-0.8755734,22.2642,4.645944
15790020,3.36439970010996,-6.24931283827738,-0.20525117063299,-0.875309,22.24351,4.648677
15810014,3.96000757022495,-5.27191607920573,-0.227924931993718,-0.8751377,22.22444,4.651158
15832005,4.33878756949213,-4.21898558064706,-0.183382910628919,-0.8719925,22.20233,4.654345
15851533,5.86268653285425,-2.2971756953615,-0.172320164115307,-0.8724918,22.18292,4.655052
15875874,6.88057788298399,-0.963313680974693,-0.114548310376103,-0.8702471,22.16066,4.657229
15894968,6.77596091511894,-1.21353376227622,-0.0481099450625139,-0.8687972,22.13725,4.659147
15914893,6.38822497656308,-2.15914419180037,0.0951672556705582,-0.8698702,22.11704,4.659013
15935052,6.56923317517919,-2.645055862912,-0.0998370563291207,-0.8687577,22.09501,4.660818
15954987,6.00559164112008,-3.08666195316581,-0.127715756977226,-0.8681132,22.07284,4.662472
15979439,5.78755441843385,-3.56936843333467,-0.330830411492521,-0.8682699,22.04839,4.663984
15998419,6.35066846201016,-3.42628577549291,-0.431549548775803,-0.8703806,22.02605,4.663942
16018926,6.66678266703766,-2.95397017529184,-0.424307980418693,-0.8686105,22.00323,4.666679
16039092,5.95935935244412,-2.49424435394143,-0.30668212782046,-0.8657457,21.97812,4.670603
16068991,5.04219517698389,-1.75037634050757,-0.211860599157712,-0.865335,21.94208,4.673852
16092906,5.12490994159184,-1.86633526732947,-0.297676035086612,-0.8643389,21.91209,4.676589
16112496,6.61407437142915,-2.94838035977377,-0.28261877087073,-0.8631709,21.88631,4.679258
16132048,8.12887957645624,-4.01047685780552,-0.166686505124088,-0.8645399,21.86182,4.680078
16152490,9.59468756598165,-4.96122472695585,0.100395851350174,-0.8639367,21.83566,4.682358
16162188,10.3257388110335,-5.55690237389813,0.190164593377823,-0.8637819,21.82253,4.683375
16172888,10.7658527494866,-6.01362510770688,0.392028389556151,-0.8637474,21.80935,4.682933
16182021,11.1435454775721,-6.68063320794639,0.431223267654702,-0.8654497,21.79743,4.682662
16195709,11.0149444411036,-7.15061258707313,0.498697941617018,-0.8641159,21.77951,4.681829
16205173,9.97923004126411,-7.63995306694352,0.627200491286343,-0.8657383,21.76731,4.681806
16216978,9.43840095363783,-8.12737773098504,0.512861903960303,-0.8657421,21.75393,4.681644
16226803,8.86037513238699,-8.43593751220451,0.532110313807924,-0.8642029,21.73843,4.681901
16236667,8.55956136588792,-8.84303778500086,0.532523900821427,-0.8626383,21.72418,4.68221
16246789,8.33640745872463,-9.07380078547018,0.545304992847762,-0.8611536,21.70998,4.682526
16256867,7.88415602904848,-9.26907562322055,0.497128227858445,-0.859748,21.69573,4.682903
16266501,7.39854606425453,-9.07372487820536,0.459828190014891,-0.8611417,21.68317,4.682964
16289071,6.92866414907302,-8.46552441708481,0.671673414773672,-0.8585774,21.65462,4.683723
16300502,6.59152326670161,-7.87552358812628,0.819234671617366,-0.8577697,21.63642,4.68403
16319841,6.32639963683782,-5.50056075518823,0.929746455955371,-0.8556652,21.60807,4.684268
16339838,5.59177225616568,-4.01470700458439,1.13881039589064,-0.8558505,21.58103,4.683856
16360031,4.68963959230895,-3.39498170483809,1.29192448521351,-0.8541207,21.55259,4.683297
16380371,4.71861510649802,-3.5985319533816,1.19697289844741,-0.8529651,21.52268,4.682411
16403178,5.42170086768681,-3.93233733262958,1.17130918524747,-0.8538678,21.49248,4.680902
16424054,7.1968109788871,-5.69362393284897,1.24492834369988,-0.8500465,21.4591,4.680399
16444436,8.16571603029857,-6.50709999768818,1.1821533395217,-0.8464907,21.42982,4.680026
16464092,8.41395215901274,-6.25797650197167,0.920401070749957,-0.8460411,21.40088,4.679099
16484094,7.42205981135034,-5.36354479710277,0.885941341075014,-0.8433468,21.37018,4.67869
16508034,6.99707636481961,-4.71378174932694,0.797495380288916,-0.8415725,21.33361,4.6787
16527770,7.25232184196477,-3.31296264344641,0.717325129039517,-0.8398744,21.30262,4.678813
16547338,7.70286890907135,-2.76400629601272,0.714047692443376,-0.8404295,21.27269,4.678005
16567771,7.74306999906879,-2.90822810827004,0.824509862362008,-0.8392757,21.24145,4.67743
16587855,8.01207278609817,-3.25135394803458,0.882126640881065,-0.838536,21.21008,4.67672
16610603,7.89886175443373,-3.24276265156305,0.868073474113759,-0.839689,21.17639,4.67511
16632370,6.30740600778362,-3.09741571959947,0.856732593350346,-0.8368999,21.13804,4.673613
16652704,5.59852102518508,-2.48453290489045,0.810643748386005,-0.8343958,21.1011,4.671932
16672474,6.44887102737063,-2.25982464827989,0.89049062204027,-0.8346106,21.06631,4.669608
16692437,7.97027661000788,-2.65374056683561,0.810765656886514,-0.8326327,21.03044,4.667828
16715951,8.26042436974169,-2.5155484770104,0.959263019583098,-0.8312196,20.98935,4.666144
16735969,8.51282125083121,-1.8096819823187,0.990822373940143,-0.8299139,20.95296,4.664932
16755849,8.35892012770416,-1.38805895768412,0.75065420878232,-0.8302163,20.91803,4.663209
16776100,7.31537406849132,-1.45071859238587,0.694012513108531,-0.8290663,20.88103,4.662021
16796086,6.0084604985814,-1.14756558652889,0.641080506129901,-0.8279155,20.84371,4.66075
16819895,5.7861552020014,-1.41401104662392,0.626193595637915,-0.8269325,20.80077,4.659427
16840822,6.1035779311813,-2.33820389181248,0.706748165146656,-0.8227582,20.75765,4.658884
16860336,6.13287631316376,-3.36387030803061,0.895570240546817,-0.8210304,20.71969,4.657745
16880188,6.22146778776933,-3.294857586466,0.809982987345682,-0.8169799,20.67958,4.657251
16900186,6.15295649820974,-2.67967637840903,0.948810865467667,-0.8151341,20.64075,4.656213
16923793,6.02581660313001,-2.11114893730088,0.97419460887044,-0.8111987,20.59601,4.65743
16943498,5.91265658783772,-1.72173278881303,1.00517673062588,-0.8073082,20.55452,4.658177
16963499,6.33181221133999,-0.976829086200706,1.11388432060578,-0.8050885,20.51428,4.657153
16983370,6.98205510135486,0.00422661397063384,1.31068169846397,-0.8010876,20.47232,4.657267
17003982,7.42030506063772,0.82046177181507,1.40530980762378,-0.7970908,20.43019,4.656972
17026131,7.45115645372017,1.15282819292279,1.36528525424006,-0.7940181,20.38477,4.655357
17048028,7.35200457280388,1.24052784094464,1.38987986393797,-0.7876359,20.33573,4.657561
17068064,7.08692961988643,1.51205429795605,1.32316644818273,-0.7814277,20.29064,4.659828
17088050,6.90479593297181,1.64644442254737,1.28658458804538,-0.7769281,20.24711,4.659712
17108059,7.02847214112549,1.61974144283743,1.19395279545533,-0.7706173,20.20159,4.661664
17131075,6.28800640912001,1.79723865249742,1.13574633830988,-0.7635223,20.14952,4.66641
17151055,5.5005507627644,1.95158169718955,1.04111009002175,-0.7568779,20.10349,4.671394
17181081,5.24692604140237,2.40062759350845,1.13155857053567,-0.7479097,20.03558,4.674994
17201481,5.78162784868151,2.60015266320104,1.14783961042734,-0.7410246,19.98904,4.678807
17225099,6.52992677059182,2.74115640965397,1.16772622597221,-0.7336776,19.94022,4.685047
17246750,6.81985491982739,2.94150122405082,1.1225497386906,-0.7245308,19.88349,4.691989
17266410,6.60517574484205,2.79873062804272,1.12027199698344,-0.7175426,19.83696,4.694337
17286187,6.33924522084434,2.75923909689875,1.09337451581469,-0.7092508,19.78887,4.700179
17306181,5.94887781270036,2.56587954715355,1.10367069063894,-0.7019029,19.74182,4.701916
17327802,5.86362630933274,2.35986071958683,1.03888946072224,-0.6931136,19.69096,4.708204
17349432,6.0439878718301,2.57846083005379,0.991964667331034,-0.6837708,19.63761,4.715369
17369863,6.46778922332131,3.04462259331006,0.84415034334936,-0.6754104,19.591,4.722031
17389445,7.12149266195618,3.35660847172816,0.758192168814499,-0.6668587,19.54037,4.723546
17409445,7.48050339318259,3.64821362632942,0.549559135594507,-0.6579531,19.49087,4.728854
17432175,7.43420419062009,4.13668902515445,0.528976989173186,-0.6489472,19.44114,4.733509
17453920,7.34712424230007,4.82069958245546,0.686002371649238,-0.6368161,19.38332,4.742808
17473854,7.12596761609262,5.54703236498902,0.884951246872155,-0.6272547,19.33327,4.746724
17493938,6.26921349081702,5.96574300493697,0.996945042324318,-0.6163713,19.28204,4.755703
17513743,5.64412875854826,6.55789900933554,1.10558606677205,-0.6067167,19.23148,4.758818
17534968,5.69153336075025,7.09079251073217,1.04970092438751,-0.5950682,19.17497,4.767656
17556943,5.95673744967486,7.15762152161448,0.844425203686072,-0.5836839,19.12052,4.777168
17577022,6.20310665610916,7.15670117483012,0.768058911407604,-0.572742,19.06851,4.785655
17596569,6.5047206975651,7.39005424548313,0.723009991410091,-0.5625437,19.01702,4.788303
17619057,6.32669035662701,7.64742531786183,0.710982866565404,-0.5504383,18.96385,4.795925
17640965,5.78248478533112,7.7752571634912,0.8656397591578,-0.5369342,18.90711,4.803421
17661705,5.58013257996432,7.91671660660499,0.965050147502591,-0.5219538,18.84266,4.810635
17681425,5.74096779769209,7.62727652136521,1.0152545064603,-0.5103716,18.78973,4.812362
17701712,5.49079118026411,7.37949293848616,0.9284434843574,-0.4975128,18.73544,4.818391
17721366,5.10275537269875,7.2802566946855,0.981164445080654,-0.4862565,18.68491,4.819359
17741097,4.57859028991192,7.20901698798247,0.859597356796096,-0.4728469,18.62805,4.823384
17755775,4.47647150489221,7.15160291345084,0.768651245176722,-0.4658367,18.59833,4.824957
17774760,4.1522980473094,6.82094371557288,0.575636902192149,-0.4523823,18.54141,4.827972
17794187,4.09510562021723,6.48983000424708,0.60139479692153,-0.4402532,18.48799,4.827397
17814779,4.34823824176307,6.16402453907778,0.461806103340519,-0.4273053,18.43354,4.829908
17835706,4.74694962341338,5.96405299282276,0.534142551564243,-0.4123281,18.37522,4.833967
17858454,5.24010579237894,5.99984226877674,0.566812282848853,-0.3981632,18.31549,4.833813
17878467,5.23906717033157,6.53410212018198,0.636547253315526,-0.3844118,18.26,4.837231
17898983,4.7853157629427,7.68126603207461,0.549872752207219,-0.370839,18.20457,4.839956
17918408,4.64207221057372,8.6619381015281,0.515040663300883,-0.3584403,18.15021,4.838977
17938901,4.67349892578128,9.27136197248684,0.360141003277932,-0.3452658,18.09477,4.840907
17951066,4.57793392683843,9.4449459720741,0.341635001144396,-0.3386198,18.06701,4.841943
17971370,4.40225723425022,9.57163235750035,0.351402701433767,-0.3247532,18.00446,4.839875
17991369,4.80412997494439,9.41506809027016,0.369615932020413,-0.3117459,17.94892,4.841263
18013089,4.887802172008,8.92488736836861,0.465336170228162,-0.2977282,17.89243,4.84297
18032873,4.73684161597772,8.52570582284778,0.294946796613099,-0.2839751,17.83399,4.841838
18054028,4.56083430320033,8.37193084474168,0.418767211548315,-0.268734,17.77397,4.843948
18076098,4.45897124774216,8.36314437222594,0.224771566429247,-0.2532378,17.71138,4.846056
18095827,4.06478210401963,8.09027355465971,0.150072806068051,-0.2386984,17.6517,4.847639
18115526,3.62166214338915,8.15243946778416,-0.0231949537069812,-0.2268338,17.59883,4.846426
18135950,3.08931143582544,8.64355607909439,-0.0239784078842869,-0.2134768,17.54215,4.847442
18158327,2.98913412722332,9.44781807177531,0.0906720905646625,-0.200207,17.48546,4.848113
18179041,3.14923056985763,10.0852876060113,0.161397279548203,-0.1850345,17.41802,4.847144
18199062,3.06505454172688,10.5739729646144,0.0630899573552562,-0.1734253,17.36248,4.844832
18219495,3.15621866754415,10.5571047470016,0.205438363212712,-0.1590475,17.3025,4.845213
18240687,3.4180104429169,10.2874529264417,0.157873511334675,-0.1439096,17.24176,4.84608
18261810,2.91011956653712,9.66196501964441,0.0941825673124004,-0.1311354,17.18268,4.844645
18283063,2.34776797451445,9.20566748261638,0.233043737370306,-0.116278,17.11954,4.846017
18303058,2.03455309807158,9.37796194039174,0.224593474297226,-0.1033747,17.06491,4.847519
18323875,1.53876132002399,9.84121505510108,0.20983800315432,-0.09037559,17.00765,4.848403
18343063,1.20891164621532,9.76568733155858,0.138970319619707,-0.07913991,16.95162,4.846638
18363023,1.24611900319091,9.38945175209409,0.00855650741185273,-0.06682279,16.89458,4.845134
18376724,1.18424013419879,9.23308934155667,-0.0703533002180339,-0.05939054,16.85779,4.842814
18396548,0.97028863293007,9.02034902685835,-0.259785369991631,-0.04763623,16.801,4.839267
18418176,1.28304308201075,8.22884587274156,-0.460409115670193,-0.03298922,16.73703,4.836706
18438352,1.46043250641806,7.69777497981727,-0.241565687710331,-0.02175914,16.68032,4.83307
18458187,1.50985936610037,7.73290188934091,-0.0472129773481994,-0.009089478,16.62202,4.830538
18481787,1.84437021088361,8.01627399272565,0.0360003559527634,0.003759513,16.56118,4.827399
18501110,2.11287013576136,8.15391377349551,0.103604557693175,0.01382819,16.50468,4.824163
18521449,2.11297594977815,8.78859245951487,0.15142442460372,0.0250496,16.44691,4.821389
18540963,1.99842662269668,9.40842406221736,-0.0192086603785545,0.03445729,16.39044,4.818279
18560997,1.74186724548205,9.68269134246433,-0.352295836296336,0.04478544,16.33294,4.815601
18585179,1.42047391628881,9.82478385952979,-0.459931909604856,0.05550903,16.27004,4.812758
18604852,1.1285800079561,10.0097907657176,-0.383448692186042,0.06545115,16.21,4.806769
18625323,0.657033182904698,10.1092392239942,-0.294188921402368,0.07535219,16.14655,4.802836
18645458,0.0912469160994187,10.2859921458745,-0.136204131345759,0.08560333,16.0892,4.798863
18665747,-0.282406302570824,10.9375720134486,0.299662145995599,0.09599078,16.02666,4.79461
18689054,-0.556818065227775,11.6187574956296,0.348499296516136,0.1046896,15.96351,4.790679
18698877,-0.753836826399486,11.8379792818478,0.416081545917187,0.1091762,15.93384,4.785522
18708924,-0.939575021877651,12.021614390136,0.364602396057861,0.1135925,15.90422,4.780544
18719066,-0.916471156756437,12.1307804248543,0.399756717405163,0.1179165,15.87473,4.775592
18729178,-0.957132046144799,12.1633294167042,0.396385984913577,0.1221361,15.84532,4.770851
18738892,-0.841636543167175,12.1378132528767,0.265727498868067,0.1249228,15.81761,4.769057
18749038,-0.886115981955996,12.1047175518438,0.258635182110887,0.1289939,15.78832,4.764431
18759030,-1.09601271106307,11.9301403920343,0.138399499932018,0.1329619,15.75906,4.759959
18769098,-1.45163227854388,11.6006994234887,0.126797279482941,0.1368642,15.72991,4.755527
18791930,-2.14863734903856,11.020282799688,0.0838549565005738,0.1452562,15.6636,4.744585
18811880,-2.35298953288114,10.4320067810192,0.117929346891747,0.1525561,15.60583,4.734802
18823343,-2.57575499073178,10.113528467559,0.173729916959844,0.1576727,15.57076,4.730421
18843755,-2.89151889288126,9.66985991103624,0.395449819984614,0.1645337,15.51654,4.725074
18863690,-2.78365317938025,9.52271866289526,0.493549466877437,0.1734115,15.45533,4.71744
18884427,-2.50244642798235,9.4699003825805,0.556754580642812,0.1816651,15.39718,4.709774
18897809,-2.47499629890059,9.50990591780436,0.575752617928222,0.1860224,15.36554,4.705716
18916738,-2.58879283013101,9.71895681630635,0.691402753630999,0.1930627,15.30391,4.700525
18936344,-2.91698752390999,9.98986905721862,0.76797184636345,0.2008411,15.24664,4.693326
18956734,-3.05621267958989,9.79877237111028,0.81666747906844,0.2082978,15.18976,4.68671
18976325,-2.91915394322299,9.05786055304441,1.0643307183738,0.2144355,15.13434,4.682565
18999819,-2.34919542619557,8.30995656386533,1.11330876169336,0.2223353,15.0697,4.676143
19021195,-1.93115300028911,7.91482200187535,1.33653126715873,0.2305635,15.00624,4.665998
19041270,-1.21248147915657,7.77310735903172,1.32108374302474,0.2386012,14.94686,4.656749
19061100,-1.10462669532446,7.85711064860109,1.29587033601764,0.2447841,14.89024,4.651193
19081193,-1.319791025427,8.07579356736481,1.12669444391304,0.2520746,14.83156,4.642973
19104068,-2.08438989045831,8.20333608134633,1.14519107694257,0.2590352,14.77332,4.63368
19125210,-2.80030938548624,8.18460191386229,1.05386330978231,0.2663918,14.70714,4.624589
19145025,-3.25153014616836,8.2025426005886,1.1339002403753,0.271851,14.65121,4.619545
19164830,-3.55021997944479,8.31207961461341,1.20096031064032,0.278036,14.59363,4.611868
19185002,-3.67439319400754,8.49268715802169,1.20139606634384,0.2839373,14.53645,4.604712
19207838,-3.64934970862812,9.0773438966006,1.40072595097026,0.2895793,14.47273,4.600579
19229829,-3.61640942773432,9.25492117322231,1.45515112081653,0.2959615,14.40953,4.595538
19250028,-3.71808132319924,9.0311416195163,1.47746541206914,0.3018891,14.3511,4.591631
19269773,-3.47620786685815,8.93548045203144,1.463624573445,0.3064095,14.29509,4.589455
19289743,-3.45315271487968,9.13021377460455,1.50835814885573,0.3116185,14.23724,4.586292
19313848,-3.60354718374867,9.33441194111591,1.46873115444866,0.3166594,14.17714,4.583999
19332767,-4.12541527391079,9.60077605983414,1.45290419189865,0.3209946,14.1201,4.585559
19352197,-4.77603230713826,9.78225748153957,1.47667742146928,0.3242922,14.0649,4.586104
19372854,-5.5838196699795,9.85902667074821,1.52055005655907,0.3279685,14.00856,4.587547
19392863,-5.98734272797906,9.79392145815155,1.54624741848463,0.3313622,13.95261,4.588903
19415318,-6.02863125644092,9.42488994310201,1.48420125049784,0.3342777,13.89301,4.589596
19426950,-5.79805824289996,9.28350507022948,1.51029001555481,0.3359043,13.85709,4.591811
19447026,-5.40792333249042,9.36283107525857,1.47017470871077,0.3382481,13.80398,4.595793
19467485,-4.54330157180305,9.51250965569673,1.31582693342655,0.3403006,13.74869,4.599458
19487030,-3.92455517996265,9.60383386934817,1.25795967363973,0.3419568,13.69506,4.601138
19507913,-3.15358655547226,9.49405113671988,1.25255991920106,0.3434505,13.6379,4.603998
19520988,-2.7431159443268,9.35966461389667,1.11703604562565,0.3440143,13.60819,4.605306
19540386,-2.4255192986294,9.24433653459058,1.18032301212959,0.344954,13.5519,4.607568
19560022,-2.44329381299369,8.89515118819662,1.13534934707076,0.3454789,13.49948,4.60848
19580582,-2.54793769546017,8.5439941246123,1.28644242179452,0.3456511,13.44646,4.610343
19599987,-2.28373480362243,7.9556551127484,1.29922868206797,0.3455941,13.39451,4.610635
19623053,-2.65424976988488,7.42089378383294,1.28690430042033,0.3450448,13.33468,4.611952
19644327,-3.04027303408915,7.13891978139888,1.28147564666264,0.3443736,13.27669,4.613363
19664822,-3.7881686895965,6.98507630067133,1.16594735538599,0.3431275,13.22433,4.614532
19684727,-4.8331920790984,7.07930094114185,1.01224344053813,0.341283,13.16983,4.615574
19704465,-5.70449284392245,7.23934134281496,0.868568824202855,0.3391811,13.11901,4.615482
19728811,-5.98128746301417,7.77688607344214,0.786793755573037,0.3365294,13.06508,4.618465
19747816,-6.08457205781648,8.13176333797289,0.769532535628243,0.3335598,13.0116,4.620365
19767465,-5.9608780698275,8.41687516302829,0.895683175524649,0.3306049,12.96409,4.620616
19787677,-5.60053422490181,8.47643708750754,0.88143581377885,0.3268071,12.9112,4.622158
19809059,-5.14783919252821,8.6534626401537,0.965693332493091,0.3222045,12.85775,4.623318
19833058,-5.0622388726002,8.66035328944004,1.03252701324441,0.3160648,12.80072,4.626765
19852058,-4.57917251107214,8.39851337344852,0.972766238395194,0.3098539,12.74653,4.633351
19872485,-3.90711675136939,8.2273554608875,0.93101049087646,0.3032018,12.69279,4.639159
19892030,-3.44950681080978,8.06490876150422,0.983463218102165,0.2976967,12.64535,4.641225
19912062,-3.55634674553995,7.84262578174312,0.908925829017578,0.2906814,12.59463,4.646226
19936023,-3.98829936841484,7.67609218233257,0.973190805087641,0.2827631,12.53944,4.65324
19955006,-4.9335977130928,7.66459687449339,0.919349219748065,0.2757655,12.48792,4.655701
19975832,-5.18383103062503,7.79311811150024,0.94454442121682,0.2678705,12.43819,4.661695
19995488,-5.03229023537342,8.07710264036175,0.978700145968369,0.2598324,12.38849,4.666862
20016540,-5.03546427474574,8.22010725967805,1.01324414506179,0.2511733,12.33445,4.669194
20039496,-4.73482674780084,8.49926033109218,0.977107821044463,0.2405752,12.27701,4.675218
20059484,-4.09662516725014,8.63942794520383,0.917124212093,0.230738,12.22722,4.683365
20079829,-3.98966097292594,8.43771144409019,0.853028534231631,0.2207107,12.17786,4.690951
20099470,-4.34515440085504,8.12283768466095,0.824310140322812,0.2116279,12.12954,4.693583
20119520,-4.21292968093559,7.98677481682489,0.775949725374954,0.201632,12.08284,4.699802
20143927,-4.18978936530308,7.88021504651455,0.846647893195814,0.1901655,12.02959,4.707858
20162935,-4.10501329639717,8.055196094704,0.906223099821706,0.1797059,11.97725,4.710929
20182863,-3.90986739066245,8.1648717405035,0.859830738880745,0.1688837,11.92907,4.717852
20203074,-3.43253551289499,8.48655526760285,0.790766225710884,0.1578023,11.88115,4.723875
20224183,-3.57723535135162,8.68725154523982,0.726485896035508,0.1456246,11.82879,4.726559
20247466,-4.29371554154105,8.72103333750519,0.39315782636274,0.1307216,11.77332,4.733128
20267856,-5.16361103024868,8.81404726009891,0.179884210003876,0.1171368,11.7251,4.741681
20287500,-5.78543016917759,9.32894716843899,0.0806669150814648,0.1051853,11.67789,4.74452
20307540,-6.20677272104342,9.85671099711664,0.0328150498108922,0.09137232,11.63005,4.751874
20317527,-6.24546148002334,10.1193571311306,0.0699046418723084,0.08441877,11.60625,4.755165
20327880,-6.35902342632803,10.2782644294798,0.00381223843805907,0.0774355,11.58249,4.758182
20337466,-6.33612516430021,10.365846447827,0.293109051848501,0.07209983,11.55933,4.756973
20349083,-5.99220763868911,10.4427630004467,0.333805648765067,0.06448022,11.53333,4.760339
20360462,-5.60516940900279,10.3415455342675,0.346011091192278,0.05640794,11.50527,4.763539
20370499,-5.28344612952957,10.4431686222895,0.487099992423215,0.0493405,11.48177,4.766754
20380879,-5.21138722763586,10.5421958423865,0.511325008970593,0.04225824,11.45835,4.769772
20390879,-5.05044691156407,10.5524692551599,0.548085018031769,0.03514327,11.43492,4.772614
20402774,-5.08243236197583,10.5549605534386,0.577040568924743,0.02710045,11.41092,4.776282
20421986,-5.16234422733304,10.3847478972619,0.553320893377312,0.0134237,11.36393,4.778741
20442466,-5.04626125936236,10.3753760910611,0.501136600286726,-0.00252126,11.31615,4.785501
20454848,-5.10108838904051,10.4457059375889,0.579479864036732,-0.01049522,11.29244,4.788567
20465800,-5.22606447033396,10.5878663829846,0.51851381580354,-0.01958013,11.26415,4.79007
20474899,-5.13922309072347,10.439020841654,0.395575265879404,-0.02548492,11.24121,4.788514
20484990,-5.07631994712554,10.4732332885736,0.39077230580724,-0.03342828,11.21759,4.789933
20505096,-4.70508367611408,10.1046625621567,0.217222358500656,-0.04932998,11.17045,4.792321
20524973,-4.26178188361213,9.7895876437642,0.300831183237842,-0.06338173,11.12409,4.791563
20545001,-3.81536454291194,9.75966643540101,0.338582143681462,-0.07934987,11.07717,4.792891
20559098,-3.63522700486932,9.6779778132118,0.267967074062064,-0.08853097,11.04925,4.793033
20578736,-3.74408813421314,9.50139122484627,0.584836956648597,-0.1051724,11.00033,4.792649
20598095,-4.02793537860814,9.03523375115065,0.782874684702435,-0.1201913,10.95192,4.790083
20620826,-4.24950472593863,8.65942845477413,0.895304173966475,-0.1373049,10.90453,4.789925
20639793,-4.24683156775907,8.3963944886306,0.866336557533829,-0.1529617,10.85711,4.787426
20662386,-4.15446062349055,8.09843417032835,0.788749931737163,-0.1725721,10.80391,4.786457
20682800,-3.81344546099235,8.04899645640713,0.656125115053162,-0.191027,10.75511,4.784109
20702650,-3.3739169841985,8.07167538706438,0.59797483633455,-0.2066006,10.70968,4.780689
20722196,-3.06286667084133,8.36602741212392,0.662101046745832,-0.2256999,10.65853,4.777668
20742784,-3.01398996969089,8.36668730772063,0.91114065220698,-0.2440546,10.60974,4.774747
20764316,-3.38900063380354,8.30930246948912,1.08719756348407,-0.261259,10.55928,4.770633
20785428,-4.20941797201724,8.25595957718992,1.13823455122588,-0.2809786,10.50567,4.767442
20807498,-4.89358728649933,8.34148459492121,1.13439951141094,-0.3009849,10.45159,4.764727
20827016,-5.86031931950017,8.87906576941208,1.21235601016715,-0.319889,10.40157,4.763043
20847478,-5.92721338308602,9.64937291355689,1.12860663767961,-0.3386151,10.35152,4.761344
20871466,-5.07455575617947,10.3248486866263,1.03840547247655,-0.3559422,10.29992,4.758503
20889961,-4.05784253372266,10.8653067671417,0.973568658212397,-0.375713,10.24509,4.759863
20900061,-3.95108273202272,11.1582879341391,0.880741626759095,-0.3840685,10.22258,4.760883
20910682,-3.9784803386599,11.2973726647846,1.00559479937324,-0.3930782,10.19769,4.761666
20920035,-4.29150833551545,11.2937148801216,0.999064431487105,-0.400483,10.17355,4.760165
20930055,-4.72391640270512,11.1356510041998,1.00567619553752,-0.4095409,10.14865,4.760895
20940502,-5.12963413706711,10.9772306894977,1.01614860576134,-0.4184879,10.12376,4.761561
20950019,-5.68699284789064,10.8199092778515,1.05405914079907,-0.4273382,10.09892,4.76216
20960056,-6.0665573914014,10.8406287280481,1.27828715611906,-0.4360957,10.0741,4.762703
20972831,-6.5718700316826,10.7305602697884,1.23760874205354,-0.4447331,10.04933,4.763223
20984018,-6.62091591848221,10.6376106143837,1.35517629857442,-0.4553688,10.01737,4.76336
20993534,-6.51212877484144,10.6616436556778,1.37103636883561,-0.4624909,9.993196,4.762009
21003782,-6.34969716478573,10.5923424072856,1.48293058416928,-0.4708458,9.968523,4.762311
21014977,-6.21995198700526,10.4111822304394,1.320835592489,-0.4805598,9.941517,4.76269
21024997,-5.44471940567901,10.2580533014163,1.32919318068266,-0.4886932,9.91952,4.763172
21035455,-4.85216503943024,10.0811013183981,1.26868342832774,-0.4974834,9.895132,4.763352
21054810,-4.34378612388183,9.91111511577782,1.16418363785092,-0.5137839,9.844283,4.761623
21079024,-4.20470063489667,9.74526858656466,1.10103754547323,-0.5309752,9.795598,4.761333
21098762,-4.46689926250678,9.56117997539734,1.06712485419647,-0.5491475,9.742195,4.758877
21118069,-4.21722328759828,9.41522288088248,1.12227596437201,-0.5641494,9.693786,4.755978
21138644,-3.6779683122262,9.35456018947333,1.0673759065021,-0.5804704,9.645029,4.753635
21158044,-3.08567087494215,9.21181304039025,1.27042054955975,-0.5951849,9.596462,4.75074
21178075,-3.07300310922362,8.98746508159174,1.26412298329571,-0.6117812,9.545329,4.747237
21192058,-3.16232507562203,8.85894164245561,1.22202611147223,-0.6208991,9.516099,4.744805
21211025,-3.32082000574571,9.13829439822483,1.17996711602926,-0.6370461,9.464911,4.740518
21223303,-3.27421687362338,9.27293473923689,1.16208075523387,-0.6455846,9.439852,4.739311
21242937,-3.46414163282815,10.0542518128971,1.18760512001653,-0.6618059,9.385504,4.736689
21263060,-3.6065544708716,10.5809613609279,0.975350872944203,-0.678598,9.335175,4.734568
21273783,-3.50951105101424,10.8258169520187,1.06605525892034,-0.6869084,9.310061,4.733549
21285775,-3.39303706312554,10.7919000790648,0.864593880458537,-0.695115,9.284986,4.732636
21306102,-3.40773409966812,10.6278359601641,0.900373316940435,-0.7130991,9.22753,4.727736
21325911,-3.24198565118358,10.1063383014168,1.00115183455554,-0.7272777,9.177907,4.72441
21346420,-3.01375127200832,8.8716452256201,1.09206271776743,-0.742747,9.127924,4.719832
21366429,-3.14647560821359,8.06381678184521,1.23671765048581,-0.7579115,9.078002,4.715183
21387589,-3.50674459416131,7.92430699377795,1.24176030960285,-0.772725,9.023525,4.710364
21409449,-3.72100899408233,8.08137392848949,1.11804139254331,-0.7885833,8.96862,4.704129
21430481,-4.02392232624799,8.22527599173776,1.04633269983247,-0.8039989,8.918094,4.699477
21450065,-4.53180411571848,8.57177633728018,0.923572395502538,-0.8174666,8.868065,4.69557
21470008,-4.37652603785561,8.73249344682327,0.943322255782763,-0.8323718,8.817542,4.691033
21492826,-3.74045789148636,8.77985731576021,1.01137237345494,-0.8469332,8.76694,4.686748
21513020,-3.23578478356952,8.99752973154603,1.03203707782392,-0.8607815,8.711366,4.683985
21533049,-3.05595856727608,9.07533160096609,1.03761040244673,-0.8745069,8.660142,4.681903
21553839,-3.40796899365436,9.03592461435847,1.14393251523798,-0.8879405,8.608897,4.680083
21573018,-3.92680428519599,9.062234566858,0.976942888988185,-0.8999215,8.557894,4.678373
21597087,-4.36319459462023,9.3786497659609,0.901789306606995,-0.9137584,8.501355,4.677086
21618969,-4.75480519495594,9.7585430916432,0.933178771258323,-0.9272783,8.444276,4.676306
21638931,-4.8842489657139,9.91947475956034,0.977784621405857,-0.9402173,8.389463,4.676615
21658052,-4.66747084087776,10.122393921273,1.03872001378514,-0.9511371,8.337631,4.676121
21678048,-4.37111701896548,10.2812488269027,1.19295447652445,-0.9628213,8.285439,4.676391
21688969,-4.51003981285386,10.3863127258185,1.25115932608091,-0.9685115,8.259335,4.67724
21700955,-4.72775460328532,10.3127205164909,1.33648540918929,-0.9731602,8.233508,4.676701
21711837,-5.00191354159429,10.087606584751,1.33470540072086,-0.9804184,8.197072,4.677419
21731077,-5.43686391558493,9.98893308890104,1.30101859779351,-0.9911487,8.144814,4.67883
21741515,-5.38442026228995,10.0567503352375,1.40716747195124,-0.9963829,8.118664,4.67943
21751718,-5.31217519052279,10.0496348925817,1.25840640905225,-1.001459,8.092523,4.680012
21771090,-4.64506460749838,10.1942438701191,1.22784139515256,-1.010551,8.0404,4.679888
21791471,-4.2059602651865,10.0925437679707,1.30441342624948,-1.019725,7.990677,4.68068
21804773,-3.98563903371616,9.9604663782565,1.24644624887434,-1.025935,7.954032,4.680808
21827177,-3.13410163471445,9.49973193490861,1.30787395804427,-1.036286,7.898801,4.682271
21846909,-3.15681110399594,9.22117316149155,1.31684911579424,-1.045434,7.846269,4.682485
21866070,-4.03085871825271,9.30781679862289,1.30721718102846,-1.056167,7.790685,4.684243
21886050,-4.58430743435706,9.50910442503497,1.37002559497924,-1.066244,7.73772,4.685718
21908915,-4.74473259357915,9.64258222741148,1.29577586745765,-1.074663,7.68496,4.685643
21919754,-4.79825210176385,9.85709971803201,1.22104444801516,-1.080391,7.650663,4.686193
21939482,-4.47537211818072,10.0513036676647,1.18194272369217,-1.089536,7.597683,4.687623
21959931,-4.02529488309724,9.98943131840291,1.26347377323359,-1.098445,7.544657,4.688814
21979906,-3.87272566134095,9.71691326265717,1.10878903451203,-1.106024,7.491742,4.688549
21999924,-4.09692788174956,9.30297837379631,0.986163768508167,-1.114473,7.438697,4.689399
22012028,-4.05935191553244,9.14558924158658,1.02233795348041,-1.119223,7.406894,4.689634
22024871,-4.2348372816369,8.82285666924476,1.02427691595143,-1.124088,7.375149,4.689507
22044928,-4.36957500578735,8.70184102714213,0.993262170368401,-1.130581,7.325346,4.689062
22065678,-4.17843424762425,8.85668629557712,0.941641767696029,-1.13825,7.272767,4.689132
22085182,-3.47582201073545,9.49513241786603,0.971434263634186,-1.145654,7.220053,4.688937
22105039,-3.21540755566107,9.98282807125817,0.974803644732553,-1.15197,7.167327,4.687782
22116478,-3.21380418584319,10.1400323924276,0.978867679794776,-1.156107,7.135699,4.686797
22128023,-3.38797592343595,10.2826639920591,0.92293949694942,-1.159901,7.106753,4.686052
22138828,-3.52195775154707,10.3299889638769,1.00878024004258,-1.163366,7.080429,4.685372
22158789,-4.1073171689905,10.3607687204067,0.918147136836519,-1.17019,7.027786,4.684076
22178431,-4.50719984243528,10.0373100698172,0.698847050012549,-1.17627,6.972272,4.682697
22198380,-4.98688562942408,9.5808413751188,0.531180649354238,-1.182406,6.922041,4.681599
22222180,-4.94566093076852,9.1184842420791,0.646729149218153,-1.188854,6.863836,4.680588
22233832,-4.67709000999229,8.87382038983869,0.617472409843498,-1.19277,6.826088,4.679141
22253941,-4.18636389155919,8.55788119223761,0.676030910938332,-1.198697,6.769461,4.676881
22273858,-3.84132945867631,8.39351562576124,0.599085176117829,-1.203445,6.718345,4.675341
22294043,-3.46273486975537,8.49188372284787,0.613783093579673,-1.208793,6.664179,4.673116
22314028,-3.0075394041269,8.85091717864331,0.526442522290965,-1.213383,6.610249,4.671295
22336900,-2.89972019874909,9.2113211009359,0.505031909616833,-1.218892,6.548012,4.666948
22357015,-2.96250655278101,9.32170708701519,0.367063436580193,-1.223536,6.493828,4.662663
22377073,-3.11129212541313,9.22860586304756,0.486021446837751,-1.227986,6.439521,4.658496
22396760,-3.14159350464841,8.9528463000493,0.599005629206068,-1.232015,6.38271,4.655388
22417820,-3.30460833611227,8.50298073277371,0.530643647419517,-1.235943,6.331103,4.651573
22442086,-3.31663750459158,8.26986470238978,0.633773625158164,-1.240588,6.270993,4.648863
22461878,-3.66218313583912,8.34284262496204,0.617354914855361,-1.244812,6.209986,4.647165
22481953,-3.83808754074411,8.64376611963208,0.4996260807717,-1.249156,6.154046,4.646036
22501949,-4.08709456049247,9.02656415912873,0.434197473773878,-1.253185,6.098077,4.645078
22521771,-3.90212606072117,9.64399411498553,0.523289119147962,-1.256441,6.042415,4.644031
22532951,-3.78179530050615,9.85742403351369,0.543064469506365,-1.258397,6.011596,4.643397
22544807,-3.73720225597181,9.97856973323209,0.599398383861547,-1.260301,5.983819,4.643209
22564481,-3.32627090619212,10.4245131346259,0.749095712581285,-1.264062,5.928191,4.642814
22583904,-2.98354170168058,10.4274067968835,0.865689037050731,-1.267295,5.870045,4.64243
22594707,-2.91360671757612,10.3785816287245,0.758625404553027,-1.268863,5.844976,4.642358
22616096,-2.98162230302734,9.95570241069704,0.750165498658009,-1.27171,5.788712,4.643087
22639861,-3.1870307551131,9.64250328397739,0.943235432205206,-1.2742,5.723559,4.644144
22658463,-3.47698351419194,9.04428152037501,0.983211796128463,-1.27611,5.664169,4.644148
22678464,-3.80277934840503,8.64396413763189,1.04169442334864,-1.27777,5.606684,4.644534
22698460,-4.10961072849365,8.50422627397719,0.928745003325675,-1.279352,5.546466,4.644654
22718474,-4.42354971997297,8.63108864044647,0.865537591789541,-1.28082,5.489805,4.64397
22741853,-4.41369063751969,8.67505555730458,0.609248452390043,-1.282249,5.424152,4.643846
22761877,-3.84752301559074,8.9498819803405,0.480118704673973,-1.283348,5.367164,4.643796
22782480,-3.62806555372331,9.07926413747029,0.53486742173406,-1.284335,5.310225,4.643685
22801895,-3.58198567017242,9.12540706754734,0.563607921945178,-1.285266,5.253806,4.642916
22823039,-3.62438399696159,8.66339519410499,0.626062079575725,-1.286028,5.193655,4.644574
22846761,-3.63266976150483,8.35562660631013,0.742931006351219,-1.286781,5.128071,4.647326
22866427,-3.74556902099967,8.4247648038234,0.907554712871353,-1.287243,5.071056,4.65016
22885979,-3.74405019115839,8.5162305580052,0.854219865915753,-1.287674,5.014687,4.650884
22906443,-3.88007787926022,8.5944534269757,0.917097928623304,-1.287966,4.957796,4.653293
22925959,-3.9791930455282,9.0054372617771,0.895695868807181,-1.28816,4.901365,4.653698
22947076,-4.15151442964734,9.29053729735585,0.919846686122455,-1.288218,4.83898,4.656
22959006,-4.26549773741199,9.33255665531116,0.914506213434411,-1.288183,4.807823,4.657169
22979066,-4.41852703591703,9.28926770878917,0.894796781044868,-1.287988,4.75103,4.659439
22999197,-4.21095309307526,9.2969034528247,0.90928354613169,-1.287726,4.694599,4.659712
23021667,-3.8613048080551,9.3739717503623,0.970470049712774,-1.286261,4.634225,4.661992
23040053,-3.76694972791835,9.5870574287571,1.00989644368532,-1.283911,4.573368,4.664434
23052951,-3.87145279554492,9.5767466372683,0.918465248709437,-1.282709,4.544383,4.665598
23074634,-4.18530113761868,9.60856465357899,1.03329250807989,-1.280307,4.478202,4.666937
23094441,-4.64786639194541,9.38494498528233,0.973464745300149,-1.278556,4.421278,4.666808
23114030,-4.87348113807158,9.30884298212906,0.929260766829737,-1.275915,4.363741,4.66793
23134710,-4.82043596557897,9.14556615947314,0.826045546815275,-1.273258,4.306313,4.66862
23154066,-4.69251533733896,8.99483279089375,0.839377367111256,-1.271104,4.24954,4.668497
23167775,-4.62928725805942,8.96585275520127,0.771633751674833,-1.269329,4.209695,4.668521
23187886,-4.16405961717906,8.82000554272414,0.728035079738797,-1.26639,4.152599,4.669795
23208092,-3.92033718636154,8.68750561498202,0.810434150393022,-1.263434,4.095686,4.670777
23227800,-3.84733366480274,8.53685128974781,0.778826920787268,-1.260884,4.039145,4.670317
23249489,-3.92523113414213,8.53698147343021,0.885743732953603,-1.256008,3.97952,4.671789
23262951,-3.8702221248158,8.65312013927075,0.840471118183445,-1.253407,3.945561,4.672385
23282510,-3.86076840328244,9.03205117661244,0.870415126835079,-1.248559,3.885872,4.673415
23302009,-4.29897721781006,9.40681186321289,0.86805900796688,-1.245038,3.829354,4.67307
23322760,-4.57152281871042,9.70191087573449,0.896386437273494,-1.240318,3.772532,4.673808
23342431,-4.74285105042246,9.91807780724887,0.886902890698122,-1.236633,3.715928,4.673248
23363693,-4.85156463347171,10.0700471435722,0.916217093998917,-1.231618,3.653642,4.674161
23375414,-4.9486609218991,10.0995474869971,0.84557095333011,-1.229175,3.622595,4.675095
23395470,-4.79254350803204,10.0121748325825,0.727037163137626,-1.224536,3.566244,4.676939
23414978,-4.95621695327667,9.894266741967,0.771149562803707,-1.220685,3.510046,4.677132
23426502,-5.17204519678909,9.83939500162427,0.886614061570629,-1.217108,3.478643,4.678539
23446415,-5.53609012085351,10.0346305363335,0.95763592360483,-1.210367,3.421519,4.681745
23456770,-5.6374884795141,10.0762300323732,0.818328611926477,-1.207071,3.393012,4.683205
23480783,-5.60772419336903,10.1027134274309,0.926070418011404,-1.199863,3.327677,4.686155
23500001,-4.83776390346977,9.96811743642878,0.939389174837988,-1.194737,3.271417,4.687576
23520001,-4.20811776283886,10.0049741849513,0.797261611443989,-1.188269,3.215014,4.6908
23540405,-3.91095665914803,10.1943487362998,0.813831483512269,-1.18325,3.159199,4.692009
23559984,-4.06825119777613,10.2708512038831,0.607128944787907,-1.176934,3.103344,4.694854
23574078,-4.18293582486889,10.3486530732852,0.542000607044641,-1.173364,3.070011,4.696114
23593734,-4.35800304400265,10.7864104046489,0.524125629015613,-1.166932,3.011731,4.697185
23603014,-4.57020137981256,11.0112001552674,0.630068231287579,-1.164884,2.984306,4.696769
23614180,-4.61376062097916,11.0054652438285,0.543412380364141,-1.160369,2.950336,4.697665
23624180,-4.62547976914546,11.1385841819063,0.620771719410317,-1.156324,2.921921,4.698628
23634687,-4.75163031300471,11.2240419223135,0.788188371569443,-1.152354,2.893597,4.699462
23644188,-4.74261392871148,10.9917519398662,0.666914618112242,-1.148465,2.86538,4.700099
23654777,-4.48612875681808,10.7335942978625,0.73206478031454,-1.14462,2.837188,4.700632
23674067,-3.95415496656084,10.1203612095631,0.779531926866462,-1.138683,2.782199,4.700335
23687050,-3.96358001765656,9.86073027955713,0.763512594119598,-1.134205,2.746142,4.700342
23707185,-4.08809515596782,9.27979463016005,0.852877925267001,-1.126816,2.690732,4.699115
23727661,-4.47939253759483,8.83724902212768,0.809975184231116,-1.121273,2.639201,4.697575
23747335,-4.16490532796274,8.47273006981331,0.595808382585698,-1.113971,2.58198,4.696089
23767749,-4.36281913362543,8.61237329734227,0.562350847769177,-1.107147,2.527816,4.694323
23789997,-4.47839887095533,8.87579671749739,0.493441217297933,-1.101194,2.469234,4.692237
23810039,-4.59569444043378,9.2004259334561,0.465292085971356,-1.095098,2.418634,4.688852
23822063,-4.54592575234555,9.328172103107,0.414778571693809,-1.09047,2.389014,4.687922
23841502,-4.30589263690849,9.47237810476749,0.580839789506556,-1.081929,2.335388,4.686354
23860966,-4.18602808897131,9.67869236249404,0.747470080887288,-1.07571,2.283121,4.684159
23881635,-4.2619977206301,9.6821701152012,0.813716475357853,-1.067717,2.230342,4.682624
23893978,-4.4232565786474,9.54142547879117,0.694966963726228,-1.063622,2.201628,4.681828
23914842,-4.68580835884852,9.40096942815287,0.884902265802837,-1.055774,2.144663,4.678174
23934477,-5.19986642781757,9.18485929949228,0.785803407072574,-1.050041,2.091312,4.67534
23954813,-5.275596843766,9.06384505970832,0.779423217261445,-1.04288,2.040157,4.672399
23974822,-5.30638898736573,9.07007140308911,0.653149000097009,-1.035887,1.989383,4.669429
23995882,-4.94287785999763,9.26114738204194,0.63628489934501,-1.030214,1.937061,4.666771
24007807,-4.86786432825403,9.29023019179399,0.496796162594074,-1.026417,1.9072,4.665186
24029191,-4.30829480467237,9.5407516465962,0.43929002842468,-1.016554,1.853424,4.663813
24048875,-3.94974513258469,9.86331776608459,0.469669362402942,-1.007308,1.802635,4.662504
24068973,-4.04833091804294,10.2148178234006,0.485513167428966,-0.9982085,1.749892,4.660952
24088877,-4.24160066035715,10.4432711790975,0.543381824204754,-0.9920471,1.703515,4.659328
24101926,-4.29723861576267,10.5534284763867,0.560355114331125,-0.9869407,1.66923,4.658302
24112190,-4.29328472287338,10.7243793156147,0.665933550283208,-0.9829861,1.647084,4.657942
24122445,-4.29393266196933,10.8135579931337,0.678699595042904,-0.9788681,1.622768,4.657558
24132011,-4.17864538808411,10.8397060961234,0.775003437662523,-0.9748335,1.598521,4.657123
24142486,-4.26219648018417,10.9023673634245,0.588647078661774,-0.9708868,1.574468,4.656692
24152005,-4.21263956441595,11.1268330783386,0.789845008225842,-0.968735,1.551302,4.656061
24162010,-4.01031861527532,11.0462583853524,0.644506895291243,-0.9648503,1.527383,4.655589
24171989,-3.8713170553366,11.1611211057491,0.757390891363453,-0.9610293,1.503664,4.655159
24182531,-3.73714103396548,11.0966795049204,0.831190173801001,-0.9573162,1.480097,4.654838
24192566,-3.65703232092296,11.127021954237,0.695330213330523,-0.9536353,1.45665,4.654605
24202502,-3.5889282449523,11.1333517863489,0.843745127988346,-0.9515716,1.433965,4.654037
24217750,-3.61805702921957,11.080124450809,0.90442211695968,-0.9437476,1.398121,4.653721
24227482,-3.82045874177022,11.0105618804911,0.833279019610393,-0.938479,1.372105,4.653377
24237075,-4.14733043430823,11.0864590491834,0.903607914559531,-0.9364657,1.349826,4.652711
24247020,-4.30486471266069,10.867709540741,1.03599634323591,-0.9315584,1.326385,4.6524
24257590,-4.42746611412719,10.7059285889122,0.96570684146382,-0.9267355,1.303107,4.652107
24267033,-4.60319678878576,10.7559526699379,1.12602344847104,-0.9220282,1.280027,4.651753
24277749,-4.63836438037591,10.5204378116739,1.01251291958183,-0.9174623,1.257064,4.651313
24297036,-4.87740578823715,10.5467132396175,1.12883553803067,-0.9109644,1.212666,4.650205
24308550,-4.96199529446118,10.3946417067829,0.993548279068419,-0.9062065,1.185903,4.649033
24320186,-4.93878560055989,10.2999629781778,1.02665558779743,-0.901548,1.159346,4.647988
24330730,-4.92325857359113,10.2737967700703,1.08614862129399,-0.8973827,1.137165,4.646963
24350506,-4.68292709646882,10.2535100028666,1.06164927768473,-0.8893478,1.093316,4.645032
24370174,-4.58069749295968,10.4156208683682,1.15115712942023,-0.8835863,1.050913,4.643441
24390732,-4.43122070632351,10.5371700396513,1.14164080363859,-0.8761221,1.008263,4.641563
24402490,-4.29227982845527,10.5230830375909,1.14925799880897,-0.8707237,0.9866905,4.640539
24425443,-4.09754723491731,10.5531276193032,1.09818714423451,-0.8596032,0.9359339,4.638313
24445449,-3.77414780311914,10.4065233224131,0.985066881957782,-0.8528953,0.8950449,4.636691
24465028,-3.42965277609183,10.5259598519227,0.989071013701987,-0.843459,0.8537326,4.634823
24475801,-3.14619934600468,10.4351590384411,0.969957561338724,-0.8390805,0.8353431,4.633941
24495041,-2.96832598095143,10.2759982373621,1.11814583899303,-0.832857,0.79408,4.63224
24516971,-3.20953042218509,10.0748320600909,1.17620447977789,-0.8244772,0.75457,4.63044
24538131,-3.22768151704408,9.92939902209967,1.06509905472957,-0.815941,0.7110426,4.628002
24558176,-3.58994204363295,9.961159103781,0.987876909279454,-0.8104283,0.6729048,4.626205
24578098,-3.76181750468229,9.88458317597662,0.83112697585908,-0.802929,0.6347465,4.624057
24598824,-3.72285760050762,10.3070988587692,0.783797502494538,-0.7959002,0.5972942,4.621888
24620014,-3.7005374081407,10.8305078270803,0.755359879096115,-0.7888164,0.5562771,4.62056
24633069,-3.74972177506706,11.003390870525,0.882926664910703,-0.783402,0.5336159,4.620199
24653015,-3.94236580132234,10.938821352613,0.906449115783748,-0.7738149,0.4959497,4.6189
24663803,-3.98497580876446,10.6628245080011,0.948195631348764,-0.7692413,0.4774573,4.618308
24683017,-3.91873631978449,10.5162460250693,1.05403397467912,-0.7634138,0.4423346,4.617119
24703045,-3.80702866542389,10.2287134710971,1.03905190510245,-0.755007,0.4067407,4.615838
24725928,-3.64323055599967,9.95709543815836,0.979547670307913,-0.7470351,0.3719155,4.614703
24746724,-3.39221948816389,9.91010581700463,1.13087098335568,-0.7390354,0.3316568,4.612488
24766191,-2.89342642130073,10.0738337473573,1.0072909736504,-0.7342729,0.2996147,4.611145
24786731,-3.19436449953899,10.0692743300843,0.79563626010617,-0.7276392,0.2674875,4.609498
24806367,-3.53975524695647,9.81266004473486,0.701037999975956,-0.7233944,0.2369414,4.608263
24828933,-3.78906014106476,9.74366229915291,0.760791081181479,-0.7154067,0.2025816,4.607237
24841830,-3.83948896147874,9.72228094534037,0.679931612550834,-0.7105199,0.1824142,4.607064
24862021,-3.8958914469124,9.44370393383833,0.766427575987249,-0.7018392,0.1516868,4.607071
24882041,-3.93606784265084,9.21282384522783,0.824506290139506,-0.6938269,0.1218776,4.60706
24901806,-3.65125116038901,9.13093224447489,0.855990871479499,-0.6891207,0.09413859,4.606622
24922742,-3.10032185437707,8.94967176273189,0.764999324647188,-0.6818892,0.06596708,4.606441
24945667,-2.7935362198135,8.92314716265536,0.852479364628251,-0.6749392,0.03357561,4.60638
24965523,-2.76070144034994,8.83938803806064,0.846489933528776,-0.6712257,0.008380872,4.606214
24985903,-2.69518311169759,8.70484597391696,0.801209218517067,-0.6654435,-0.01701489,4.606514
25005907,-2.72392721851074,8.73523696215978,0.749570022659388,-0.6601068,-0.04146479,4.606698
25026991,-2.90105183278199,8.52258874052702,0.692208846291943,-0.654961,-0.06607591,4.606988
25050042,-3.17422051254046,8.36338744211258,0.54927785798071,-0.6463142,-0.0943588,4.609737
25070032,-3.11440719758048,8.54813593570493,0.47080935831338,-0.6385988,-0.1172742,4.612554
25090827,-3.32538344028004,8.56245887645074,0.60633027435753,-0.6315188,-0.1394458,4.615193
25110042,-3.68528585355246,8.22200583844881,0.655273733693214,-0.628051,-0.1599205,4.616116
25130834,-4.2738908383911,7.94348124712018,0.704916116443198,-0.621979,-0.1806279,4.618297
25154174,-3.92200105856094,7.96349765418952,0.748308372085187,-0.6164715,-0.2022261,4.620783
25173180,-3.33088890934332,8.08688704913258,0.71551426918624,-0.6138642,-0.220396,4.621364
25193808,-3.05094685131476,8.14923676010358,0.581835427182377,-0.6091337,-0.2386943,4.62384
25213178,-2.73664141115467,8.26677597245578,0.483505711364424,-0.6069756,-0.2556565,4.623911
25234530,-2.52107707352084,8.31308420344356,0.457055639193963,-0.5990291,-0.2720456,4.627832
25249087,-2.48756491040779,8.22817024661513,0.47157560550128,-0.5953773,-0.2826427,4.629409
25267991,-2.50741161097813,7.70410267436021,0.194170567297791,-0.5884373,-0.3000293,4.635027
25287947,-2.16698742942574,7.39591254214377,0.158664844303669,-0.5852396,-0.3141401,4.636949
25308014,-2.00358479834879,7.39671038801861,0.197042863457526,-0.5792013,-0.3288631,4.641923
25328012,-2.12546093780844,7.58005730388417,0.219503561886244,-0.5738812,-0.3431241,4.646304
25350947,-2.30344660674673,8.00239027818651,0.195479185738101,-0.5691351,-0.3578762,4.653719
25370928,-3.29447539314867,8.49162425824465,0.353965065579488,-0.5672744,-0.3698043,4.656682
25391363,-4.68548031172827,9.04768118083725,0.375499056112728,-0.5634911,-0.3821435,4.663385
25412821,-5.31449286078803,9.3189482967061,0.50717107722448,-0.5582199,-0.3947096,4.670442
25432303,-5.42395012074665,9.26536705835067,0.544519443920797,-0.5553089,-0.4059295,4.673522
25456499,-5.10592988874686,8.98212665662557,0.475004917221845,-0.5491542,-0.4181597,4.680611
25475049,-4.26147404368344,8.88670212610633,0.402345798920852,-0.543627,-0.4295599,4.690138
25495518,-2.89257090732459,8.56199814007342,0.271311321713367,-0.5385904,-0.4393637,4.698837
25515052,-2.02731374453308,8.53492801263458,0.127128123256921,-0.5366945,-0.4483769,4.702089
25535012,-1.69004764664198,8.76862199943574,0.00317742512047517,-0.5324574,-0.4571585,4.709362
25557895,-1.56583902070461,9.09401508296222,0.0475405193278452,-0.5287884,-0.4659898,4.715742
25578361,-1.60628342835185,8.88938401338006,0.130741703203119,-0.5254896,-0.4734488,4.7264
25598093,-1.8156146383717,8.19861746601235,0.236742732489342,-0.5246482,-0.4805768,4.730075
25620477,-2.24837966715862,7.80695070026319,0.214882521985825,-0.5202621,-0.4874371,4.739623
25639717,-2.96812122163901,7.32077162364238,0.208755467508355,-0.5149062,-0.4944592,4.748467
25660713,-3.62114078980272,6.94972214994935,0.261557513262978,-0.5132861,-0.5004085,4.752319
25682076,-3.7321609390143,6.94474405078462,0.102738620673509,-0.5090569,-0.5063908,4.762004
25702562,-3.56556262380999,7.59580298670537,-0.083073367412913,-0.5051634,-0.5113837,4.770999
25722089,-3.28185879790529,7.82650203246793,-0.23061827664275,-0.5043104,-0.5158266,4.773093
25742084,-2.7782409056467,8.28403313364841,-0.247598168637609,-0.5011587,-0.5198776,4.780143
25765464,-2.66537770891217,8.55509074023384,-0.349386379347697,-0.4984329,-0.523182,4.786314
25786031,-3.03902868308395,8.61304587897802,-0.180814433463368,-0.4967158,-0.5264305,4.793804
25805832,-3.67409844089687,8.31861730470872,0.0551366418043065,-0.4968037,-0.5286152,4.795519
25828070,-3.85042045829191,8.05560058873251,0.0589530492555241,-0.4934168,-0.5301803,4.802994
25847491,-3.7079184617726,7.65413744189182,-0.0916794165468317,-0.488654,-0.5309207,4.810334
25868090,-3.44501786131114,7.09992417112509,-0.26963052111494,-0.4877278,-0.5312797,4.813413
25890044,-3.48987852922508,6.61963053054171,-0.44094197950079,-0.4842614,-0.5309822,4.823288
25910590,-4.11796377673126,6.13581400148881,-0.619956892892927,-0.4809853,-0.5299974,4.832488
25930050,-4.32097938761507,6.09234242120699,-0.601010660291473,-0.4805929,-0.5287715,4.834323
25950044,-4.03075416503066,6.52340536601436,-0.425689544144104,-0.4778318,-0.5268952,4.841737
25973002,-3.25885386738382,7.4401114403464,-0.311402767139088,-0.4753726,-0.5245324,4.848081
25993755,-2.40979247984509,8.12210913994097,-0.395703837720272,-0.4756022,-0.5215997,4.850709
26014952,-0.807595626766856,9.08959486483474,-0.354413234974363,-0.4718413,-0.5176053,4.862117
26035098,-0.54298897752252,9.37161261687156,-0.358050431258718,-0.4666395,-0.5130179,4.873305
26055003,-1.47246250957994,8.84736663070464,-0.314424549191382,-0.4653421,-0.5084685,4.875674
26077914,-2.75708345757483,7.79434149135076,-0.333634331723363,-0.4614428,-0.5022268,4.883725
26098445,-3.29655184144656,7.40690041272951,-0.346853877891341,-0.4578156,-0.4959277,4.896639
26118466,-3.88390670968412,7.06552195519335,-0.317621379408597,-0.4546887,-0.4892782,4.907804
26137904,-3.77433076556545,6.87419938352582,-0.311146234640238,-0.4544415,-0.4828193,4.90984
26158704,-3.24448289818718,6.8187376369747,-0.345071039719092,-0.4520274,-0.4753607,4.918577
26177911,-2.6226525582117,7.04689749230239,-0.233417950491607,-0.4522055,-0.4679621,4.91908
26200917,-2.79098457056618,7.12008292448486,-0.218026576840158,-0.4509424,-0.4584239,4.926472
26223856,-3.33768597723411,6.99492737961722,-0.238574959105263,-0.4481317,-0.4490151,4.936031
26242324,-4.00439730192089,6.89379119385256,-0.301982179250418,-0.4442828,-0.4394665,4.944996
26262196,-4.28598615733377,7.08271151618191,-0.277999058612851,-0.4439733,-0.4300036,4.94494
26285717,-4.22552304679591,7.4210752258386,-0.476636741141554,-0.4414226,-0.4181539,4.950401
26305963,-3.99644769175777,7.77145444765886,-0.419564773845198,-0.4390384,-0.4073575,4.960783
26326068,-3.45049456585467,8.39984513771787,-0.498590472204127,-0.4371286,-0.3961233,4.969544
26345816,-2.95809600224205,8.55893756785077,-0.410523657619856,-0.4376858,-0.3848754,4.969387
26366048,-2.98299432783315,7.81248027037994,-0.275645670198124,-0.4364926,-0.3727618,4.97588
26385780,-3.61807236311978,6.84665469062697,-0.203254756867254,-0.4374042,-0.360514,4.976959
26409458,-4.30361240185316,5.98721318740264,-0.217907537881832,-0.4374226,-0.346151,4.985101
26430499,-5.05007298160313,5.01122801023285,-0.185747666260686,-0.4328055,-0.3322645,4.994914
26450015,-5.23481447186073,4.66672654424906,-0.254316068970365,-0.4322678,-0.3188361,4.995252
26469969,-4.51430938744038,5.4892073214538,-0.520312422781809,-0.4284644,-0.3042059,5.002855
26494081,-3.33623793008404,6.5471622235814,-0.564460344557022,-0.4254823,-0.2878574,5.008085
26513799,-2.78425152864637,7.00310930866236,-0.576126258937924,-0.4229016,-0.2717535,5.017724
26533004,-2.79745388254504,7.08333853975956,-0.580389564341779,-0.4231285,-0.2565475,5.017814
26553921,-2.91579418512703,6.94633694653471,-0.54248054191392,-0.4210385,-0.2401961,5.025395
26573030,-3.42848441496817,6.60174300779932,-0.404063672644603,-0.4215213,-0.2241776,5.024214
26594494,-4.21202877709475,6.04997627228991,-0.309074424129891,-0.4202376,-0.2055306,5.030616
26616937,-4.38419925025096,5.66468356274908,-0.295429089516289,-0.4173335,-0.185758,5.038186
26636968,-4.09960436463573,5.54072346463837,-0.231315299786378,-0.4127087,-0.1668372,5.045964
26657081,-3.96977983953786,5.83212228211266,-0.275068207556558,-0.4118439,-0.1486444,5.044646
26676976,-3.69459585420267,5.99641290531445,-0.401664788728943,-0.4079965,-0.1291153,5.050265
26699885,-3.1036650926713,6.3276510136768,-0.586391696042552,-0.4046154,-0.1092626,5.054698
26720129,-2.52379893317546,6.72787108623421,-0.635353948293178,-0.4021855,-0.08643755,5.061274
26740020,-2.1329022831312,7.03637847272162,-0.682596651069628,-0.4019915,-0.06779337,5.060377
26760037,-1.99748047616945,7.07085071045684,-0.573587723425384,-0.3999302,-0.04720665,5.065802
26780007,-2.57003232984326,6.94451191088801,-0.460663052065731,-0.4003076,-0.02686864,5.063319
26801515,-3.69934816117199,6.6366946178033,-0.250846268436506,-0.3991739,-0.003363289,5.068217
26825958,-4.11322823808838,6.60815639609884,-0.128922525107925,-0.3964279,0.02092114,5.074813
26845015,-3.4039154028519,6.75227683473385,-0.020603650271285,-0.3921206,0.04505052,5.081306
26865088,-2.84086935006468,6.53692446173305,-0.00315769104340314,-0.3914337,0.06756921,5.079361
26885601,-2.5725181990694,6.28435640027423,0.179540648790837,-0.3881113,0.0924366,5.083764
26907841,-2.41377362690552,5.83943917213837,0.190980625981419,-0.385144,0.1154538,5.087776
26928336,-2.94907460389143,5.17441584118795,0.265319045918731,-0.3856259,0.1398005,5.085352
26948023,-3.74888125251955,4.62305513981827,0.211923957880133,-0.383839,0.1640555,5.090672
26968826,-3.74792419469801,4.46307811453827,0.221179158450334,-0.3825577,0.1886071,5.094592
26998409,-2.2990653455983,4.68783801518054,-0.0172395950592335,-0.3832351,0.2252585,5.091854
27024175,-1.23283394892212,5.26380130232667,-0.158034577266318,-0.3809085,0.2549273,5.09442
27043834,-1.19314156316994,5.83428508936991,-0.17989453320259,-0.3765298,0.2831266,5.099516
27063050,-1.98171980213969,6.25287536433457,-0.255571713875352,-0.3762089,0.3090557,5.09646
27083498,-2.73274293963823,6.17808806154912,-0.220137913469465,-0.3729703,0.3378406,5.099359
27103997,-2.99305986649559,5.77492609939384,-0.162178611153953,-0.3700594,0.3643139,5.103619
27126608,-2.84718121889861,5.15135262762941,-0.103721570771725,-0.3685307,0.3962085,5.106009
27156044,-2.40236240661561,4.67796723361364,-0.10670181140725,-0.3689978,0.4378539,5.10352
27186058,-2.15794442338323,5.07085819811051,-0.182955738694043,-0.3701973,0.4801796,5.100061
27206025,-2.28795806533407,5.403238424917,-0.289940723130948,-0.3699225,0.5093678,5.100842
27230685,-2.56085923544796,5.54964553363579,-0.335618429797593,-0.3687495,0.546639,5.100922
27250957,-2.48959675063395,5.49140447332859,-0.392788035116169,-0.3645991,0.5778163,5.105382
27280739,-2.40662934962131,4.62667980580255,-0.452740331813292,-0.3632135,0.6238314,5.10381
27311129,-2.62293925519323,4.11031100396654,-0.475817239012293,-0.3593609,0.6714997,5.107918
27344047,-2.81635288729585,4.12035186259955,-0.469229490552481,-0.3575544,0.7242221,5.110602
27373990,-2.76577171069586,4.22438581853591,-0.353275496231893,-0.3586811,0.7720655,5.10695
27403975,-2.62841301466819,4.50007550626849,-0.403331669175318,-0.3603145,0.8204451,5.102131
27426183,-2.51532568585597,4.6305553739858,-0.374815568626748,-0.3588488,0.8596299,5.101854
27449006,-2.44391063300967,4.66820052666296,-0.443617286335798,-0.3559078,0.8986423,5.102802
27479048,-1.96013301936904,4.79321582406616,-0.622125224968692,-0.3520824,0.9524745,5.103805
27508929,-1.63911538242736,4.66008681871611,-0.602842319903581,-0.3524368,1.004931,5.098225
27540916,-1.7309297012891,4.71515067042088,-0.596319578841309,-0.3511836,1.062613,5.096501
27572183,-2.09811507215039,4.70750696609643,-0.565855949155155,-0.3531473,1.117762,5.091415
27602467,-2.24064502597397,4.7965900803719,-0.645070166585101,-0.3533179,1.172864,5.090202
27637807,-2.1833199254324,4.93497811474238,-0.748402297938207,-0.3488437,1.236854,5.091061
27666768,-2.06192955367491,4.95863688872938,-0.859303930943261,-0.3483739,1.295421,5.088154
27696884,-2.44113400085738,4.95505656911098,-0.881803198171634,-0.3452291,1.354496,5.089566
27726331,-2.53808880333453,4.82619088141272,-0.886185701342363,-0.3459203,1.412083,5.084942
27749764,-2.2687413915885,4.70521784046899,-1.01565280973581,-0.3454465,1.45542,5.085309
27779931,-2.14131524901405,4.63247472861878,-1.1878224088457,-0.3473209,1.513831,5.083115
27810018,-2.2126698740886,4.63195768362889,-1.32338603883531,-0.3478204,1.574006,5.084276
27842178,-2.97428597058353,4.64077851616618,-1.25149717374649,-0.3475101,1.641384,5.079989
27864347,-3.26073975905446,4.70397142585167,-1.14611129760169,-0.3451746,1.68605,5.081205
27884384,-2.63329457822357,5.06626301875669,-1.07368669735303,-0.3431858,1.728827,5.081752
27903938,-1.97755997506687,5.64896752606859,-0.995044057067494,-0.3445576,1.769696,5.07712
27924030,-1.79481939224543,6.06988580424872,-0.899945362530211,-0.3434578,1.812648,5.076326
27946759,-1.60551283711561,6.67797529407785,-0.87995861675735,-0.3428006,1.855709,5.074791
27967444,-1.6242234401018,6.70382378964487,-0.803300322578973,-0.343311,1.904928,5.072882
27987049,-2.00166969219259,5.94838984998327,-0.737324009719804,-0.3455257,1.946888,5.067798
28017804,-2.24839284268811,4.62367554071315,-0.723831982158159,-0.346261,2.012278,5.064929
28052962,-1.38702654765753,4.02035693563214,-0.779852515601715,-0.3429423,2.087692,5.061936
28081984,-1.50047259432886,4.47027714807986,-0.820936891775286,-0.343641,2.159069,5.055344
28101989,-2.05373101237943,5.70296399003774,-0.878645702886795,-0.342374,2.205339,5.053422
28122399,-2.77665685945267,6.2977641204624,-0.828812343897399,-0.3441599,2.249765,5.047803
28142772,-3.59814617640743,6.30979339706924,-0.772304598648079,-0.3436904,2.296125,5.044971
28165430,-3.8893327723763,5.99351412769643,-0.733869988101578,-0.344294,2.349083,5.041173
28185464,-3.98241787137086,5.77343047668534,-0.755878625780258,-0.3447883,2.395499,5.039312
28205009,-3.50361805652022,5.57061639590249,-0.800692106146481,-0.3472891,2.440501,5.033854
28226909,-3.34151005067994,6.08363981306713,-0.917642971537277,-0.3442397,2.4903,5.030722
28246489,-3.64757250626471,7.17630307511538,-1.02229381486991,-0.3452755,2.535877,5.024903
28269083,-4.20845877035053,8.40768318615277,-1.04270480610363,-0.3437473,2.589935,5.022406
28289176,-4.81372771564824,9.08771530271814,-1.04755138583067,-0.3419796,2.637349,5.020669
28309098,-5.19632847997732,8.7899565194044,-0.924464148869011,-0.3434392,2.683069,5.015426
28329723,-4.55886860446513,8.17646069468183,-0.821408009212126,-0.3421609,2.73027,5.012809
28349841,-2.80485037267709,7.73698359258193,-0.648559313731716,-0.3412042,2.777328,5.009693
28372874,-0.976884546909312,7.88739304069733,-0.622791883417974,-0.3411229,2.830976,5.006623
28392058,0.0967063929566733,8.2728404990333,-0.590438428045412,-0.3429019,2.876792,5.002253
28413880,0.116844316247001,8.78795626218332,-0.466555271025593,-0.3380723,2.931727,5.000039
28433927,-0.567029290440774,8.97488894517012,-0.185290064212347,-0.3333053,2.97976,4.998482
28453761,-1.47428792030645,8.40646673752671,-0.119313272145977,-0.332623,3.027662,4.993929
28476881,-2.10698334691682,7.2005839907264,-0.114181276416967,-0.3288535,3.08483,4.990716
28497075,-2.19173379799299,6.25418001900275,-0.194151947111496,-0.3251093,3.134996,4.988004
28516876,-1.28431807851746,6.23049569334528,-0.345142304880053,-0.3245797,3.183203,4.982932
28537047,-0.634670855580932,6.1981578262002,-0.513001025540922,-0.3213099,3.233435,4.97914
28557346,-0.447608861857655,6.36351163334396,-0.55912317757124,-0.3184391,3.286036,4.974362
28579899,-0.851535766605485,6.55994796902944,-0.280639252457707,-0.3182775,3.339463,4.967598
28600015,-1.25885307700487,6.85165275137103,0.0664688667204983,-0.3158021,3.389988,4.962527
28621432,-2.22837710043183,7.29462516413265,0.351583633486169,-0.3097957,3.446148,4.956336
28641053,-2.68748163571611,7.97572401869083,0.320682413226104,-0.3078941,3.496942,4.949754
28661004,-2.76082062438607,8.90191968066297,0.37313100452079,-0.3028024,3.550553,4.9439
28675095,-2.44515522195883,9.52747953530535,0.287325365907454,-0.3006619,3.58214,4.940314
28694739,-1.45761669205438,10.2463461914401,-0.00680422117636432,-0.2964003,3.637978,4.932613
28714086,-1.0876279032885,9.90421607078525,-0.135467567811981,-0.295265,3.689106,4.925887
28734098,-0.95652689452111,8.9310015129382,-0.00932606181610083,-0.2917093,3.74513,4.918551
28754845,-0.821976382486487,8.29920652951435,0.168643496598859,-0.2884772,3.798577,4.911796
28778459,-1.15206561924813,7.26564057990535,0.315607715588212,-0.2857618,3.856995,4.902926
28797943,-1.41625013245439,6.80323361210752,0.413012682539965,-0.2835834,3.915398,4.89416
28817856,-1.05351553255512,6.93098934459011,0.469649516890805,-0.2833924,3.967234,4.887166
28838888,-0.294881001851903,7.39169979254033,0.34217575253148,-0.2765633,4.025053,4.878186
28858957,-0.145641577129465,7.58481775181739,0.310690626759829,-0.2704514,4.080252,4.869541
28879929,-0.201988635867788,7.48493909619088,0.191403073171793,-0.2685057,4.135844,4.861931
28901496,-0.282140202362837,7.40005590295044,0.176270519276419,-0.2635899,4.196202,4.852754
28921530,-0.147608793874589,7.40012955984081,0.139278557833948,-0.2591204,4.251296,4.844394
28941514,-0.244100010123395,7.43211681176174,0.0575631478978148,-0.2579918,4.304675,4.837432
28961890,-0.000909104765221247,7.65707517503493,0.0344222615723112,-0.2543584,4.359707,4.82946
28984395,0.459362038920134,8.18882428454912,0.0777922542474171,-0.2512807,4.414704,4.821784
29004957,0.856733018678276,8.64876213666752,0.248125803533242,-0.2491258,4.477502,4.812393
29025433,1.0799423304465,8.64874591227681,0.273168278836716,-0.249292,4.533812,4.805624
29046455,1.59411872612079,8.42446817310219,0.234696707209955,-0.2423377,4.591652,4.797305
29066440,1.92978308032452,8.26988098555669,0.0454869153327361,-0.240312,4.646871,4.791101
29087082,1.95701879330286,8.13826655305932,-0.121661089545698,-0.2347889,4.709847,4.782385
29109873,1.79551242576913,7.83310244978118,-0.310300139734518,-0.2298284,4.770163,4.773705
29129664,1.84877133757775,7.78505843727573,-0.319833898272834,-0.2254137,4.827515,4.765706
29149079,1.85289849367539,7.77442486426451,-0.29465907059549,-0.2246256,4.883003,4.759877
29169751,1.97646999109323,7.63103866045698,-0.203624976710022,-0.2211686,4.940326,4.752561
29189065,2.36012483070419,7.55224685657688,-0.175664143371718,-0.2207794,4.995906,4.747326
29212187,2.4435903682388,7.49719810936082,-0.147854607375309,-0.2186055,5.064118,4.739864
29233667,2.15975796055599,7.37240343278779,-0.247289285675796,-0.2107249,5.124592,4.733265
29253011,1.31147719771653,7.18174264972432,-0.250983910285465,-0.2083475,5.182078,4.728741
29273186,1.173135218075,6.98820443073992,-0.329244201134974,-0.2017944,5.242177,4.722731
29295950,1.53410288217488,6.83923123367822,-0.369453782500614,-0.1961042,5.301936,4.717019
29316733,1.87498801543904,6.83463894530663,-0.41606003439924,-0.1916205,5.372491,4.710349
29336354,1.77768735781253,6.86113449210814,-0.454416995332864,-0.1906888,5.429961,4.706253
29356853,1.78809540356951,7.14872551322002,-0.421773811835161,-0.186717,5.48944,4.700723
29376363,1.45188392597471,7.3025957100186,-0.334463133296447,-0.1862212,5.54696,4.696854
29396037,1.05299306659705,7.07993142038608,-0.281125495956857,-0.1831706,5.606207,4.691268
29421978,1.49377116695287,6.78357443283493,-0.260181743582913,-0.1787273,5.67556,4.685446
29441455,2.42874953000759,6.86017648687921,-0.155953205202963,-0.1721243,5.738081,4.680311
29461000,3.40899850603065,6.83948137732078,-0.213809484903838,-0.1703744,5.797339,4.676769
29481490,3.6623282924691,6.88324719621949,-0.278483435905496,-0.1650499,5.859478,4.671953
29501017,3.84899200706513,6.99753639376645,-0.319772460459007,-0.1639961,5.918708,4.668667
29524427,3.64522083114844,7.1143234106125,-0.312409195135636,-0.1603253,5.988901,4.66424
29544498,3.35846953712717,7.02019248756253,-0.320702704048848,-0.1569583,6.050326,4.660798
29564012,3.15379172190545,6.82635141710993,-0.272961457462702,-0.1570253,6.10926,4.658537
29584186,3.2754166678577,6.78924683450131,-0.242050964811397,-0.1545517,6.170189,4.655525
29606987,3.00852461049129,6.91438346696317,-0.219624640813004,-0.15275,6.230894,4.652651
29629081,2.86102296354301,7.05872487547331,-0.239645833127683,-0.1469304,6.308829,4.650741
29649816,3.1392469014276,7.11663272287166,-0.234608538054775,-0.1456508,6.369,4.649468
29669130,3.91474041093216,7.16942078809577,-0.285195865629964,-0.1404889,6.431924,4.6479
29689666,4.39798946721399,7.03538169602757,-0.290870978154082,-0.1360687,6.494445,4.646248
29709829,4.6154421403375,6.90682051726502,-0.243988678768263,-0.1359058,6.554044,4.646718
29732414,4.63677783708694,6.69854658620509,-0.119238095199784,-0.1330743,6.621641,4.648378
29752738,4.63915155776873,6.65244395879912,-0.0252770487082482,-0.1305861,6.683095,4.650143
29772076,4.33416358287825,6.51482936176578,0.0797009499202416,-0.1314585,6.742224,4.650441
29792020,4.29863501342996,6.32858434820394,0.19620257384051,-0.1299464,6.803219,4.651451
29814899,4.45366165499845,6.11050275781886,0.288392828899959,-0.1290821,6.863847,4.652327
29837075,4.53602402141492,5.59805455995335,0.28377174212395,-0.1250261,6.945192,4.655523
29857798,4.39240810977184,5.26431178755959,0.243409480358105,-0.1207297,7.008893,4.658513
29877463,4.18088104970147,5.32124735233866,0.270660327770013,-0.1210323,7.069193,4.659328
29897088,4.14380537398624,5.38238216741712,0.119086451647429,-0.118037,7.132218,4.66164
29920335,4.1654689650423,5.18947102668925,-0.00637260714273173,-0.1158133,7.194739,4.666458
29940181,4.50940104218996,5.21381826694263,-0.144443691089084,-0.1179991,7.263195,4.667891
29960816,4.72662531539143,5.13089684899812,-0.160380882110281,-0.1168481,7.325286,4.671825
29980704,4.96187106531535,4.68344192520772,-0.0907070020335273,-0.116296,7.387038,4.675202
30000174,5.11566761369884,4.3824963077616,0.187482206977054,-0.1187374,7.446409,4.676032
30024075,5.30108311009784,4.31137857161173,0.314893111212121,-0.1166819,7.512143,4.680217
30045939,5.2015029505621,4.22775489972414,0.490566061583488,-0.1130156,7.584723,4.684992
30065513,5.43314833000932,3.88402692210282,0.606950575727771,-0.1134324,7.645329,4.686013
30085790,5.64715324233278,3.50411608409041,0.704730279226571,-0.109796,7.705772,4.689763
30105326,5.97154735726674,3.16727541464865,0.745870538697418,-0.1111296,7.768912,4.690125
30125194,6.32462234116929,2.83896038482709,0.87075761798687,-0.1089302,7.831614,4.692861
30149173,6.54484485908933,2.57153336980332,1.00785474043951,-0.1082631,7.902661,4.696593
30169874,6.55927732898235,2.49454951692096,0.956116564410137,-0.1075114,7.964627,4.701593
30189175,6.418480059816,2.53997197688663,0.998960187019837,-0.1099236,8.024386,4.702792
30209614,6.31122656773623,2.51126207008954,0.867251347495884,-0.110293,8.088734,4.706917
30230477,6.20590437642122,2.53511391343882,0.799946937445383,-0.1114474,8.155758,4.710283
30253754,6.14466107867888,2.48420806177676,0.83183278137021,-0.1063445,8.225659,4.716345
30273760,6.06482964048578,2.16240342171774,1.08099285332726,-0.1065007,8.286739,4.718149
30293956,6.2133041396796,1.84788365357735,0.992718984327029,-0.1021339,8.350289,4.723309
30313876,6.22754903800883,1.6610680867057,1.06638075767205,-0.09856787,8.413397,4.72779
30335090,6.08849444333172,1.4748034001473,1.23673944246554,-0.1001183,8.47988,4.730265
30356850,6.05752876509347,1.47958650950695,1.12848742697563,-0.09790254,8.545433,4.73693
30377476,6.04174289914916,1.54685253894583,0.979112866084191,-0.09606096,8.607697,4.742819
30398898,5.92431333285238,1.65108549941199,1.10958228460155,-0.09255891,8.670242,4.747811
30417970,5.88476934511595,1.73801147633702,1.06876183956602,-0.09239169,8.730934,4.748891
30440826,5.80148863926656,1.62211607610206,1.04224796432839,-0.08778888,8.793573,4.754795
30461461,5.60724297899266,1.50773321059347,0.958231569952486,-0.08415844,8.862046,4.760818
30491016,5.57742586941171,1.60828672405135,0.876934499097958,-0.08299315,8.953617,4.764385
30511463,5.81853375312383,1.69630989432152,0.857189744111718,-0.08031578,9.01544,4.768615
30531038,5.68643097308772,1.8374269511744,0.914166783072848,-0.08161049,9.075509,4.768709
30555091,5.51432359864165,2.19576333736187,1.03632827024191,-0.08054725,9.14253,4.771516
30574853,5.46402228474535,2.3489482841386,1.08115089176189,-0.07996159,9.206249,4.778078
30594100,5.54258289994736,2.21108054986269,1.02794470744631,-0.08236848,9.265613,4.779124
30615182,5.72083429586945,1.81897835041682,0.98739760232748,-0.08075402,9.332663,4.784129
30636081,6.12185623769799,1.41242713014257,0.839415435179322,-0.07676431,9.391579,4.788989
30659062,6.7479178288086,1.08102743174104,0.850017053733168,-0.07522848,9.464475,4.794301
30678399,7.08395668236807,0.857202593295404,0.984672675478236,-0.07719494,9.52368,4.796225
30698446,6.89160115584215,0.592548069029469,0.860522340609769,-0.07587666,9.584035,4.802921
30718439,5.96471572491854,0.627174626897481,0.874809117162629,-0.07859559,9.642655,4.804006
30751000,5.31567424580951,0.630037950280314,0.936836634554607,-0.07880841,9.731872,4.813811
30781874,5.11281697922851,0.128734393580995,1.1229746811973,-0.08165594,9.828574,4.824999
30813493,5.62480271481022,0.320395067946468,1.31101499283804,-0.08709615,9.915257,4.829197
30833052,6.34560123194065,0.617322890395212,1.41268802744759,-0.08561721,9.977831,4.834893
30852990,6.43400358553583,0.561856910325695,1.28576598130745,-0.0885561,10.03564,4.835163
30875959,6.17591248764684,0.745622544587114,1.19184329551976,-0.08924539,10.10304,4.841004
30896757,6.1743741874571,0.793753721716958,1.15511275659703,-0.08967823,10.16163,4.848345
30915967,6.22091866582458,0.873684397879419,1.03059642444568,-0.0940389,10.21861,4.849207
30935993,5.94269050262911,0.688812120487161,0.939529898942063,-0.09566952,10.27644,4.854955
30960763,5.58628010747465,0.647928533668996,1.18225871330699,-0.09891032,10.33945,4.859295
30989470,5.28613377579032,0.931039051626167,1.15722628971921,-0.1067557,10.4268,4.863842
31010540,5.47063109696674,0.980196907277101,1.13815499531829,-0.10906,10.48751,4.870152
31040902,5.63794364442989,1.10497821222704,1.19788487842422,-0.1104241,10.57543,4.878639
31060535,5.75562285690325,1.2216318271054,1.04714254756622,-0.1156802,10.63178,4.879306
31083746,6.17263040249121,1.13908167311675,1.11159361670153,-0.1194665,10.69761,4.884079
31103997,5.96748138314527,1.08526114350475,1.15692579337135,-0.1227244,10.75478,4.888485
31133531,5.05393904490668,0.999628419141309,1.02413901694919,-0.1310993,10.83866,4.889161
31166094,4.44664000944169,1.31516452279481,1.2541743471521,-0.1377869,10.92006,4.893024
31196801,4.88221385857847,1.85555842807474,1.29017200813674,-0.1499696,11.01323,4.892266
31218851,5.25986878977218,2.08991186450518,1.25407181264824,-0.1561837,11.06841,4.894656
31238048,6.25979138613365,2.02417610330235,1.18778766459637,-0.158523,11.1253,4.897536
31258065,6.94029718201701,1.80193603942211,0.866932587173441,-0.1650499,11.18005,4.895864
31281038,6.85274255904851,1.40688371202037,0.760490867515591,-0.1705903,11.24664,4.899093
31301027,6.32185235981799,1.06050025806248,0.717763084780834,-0.1749652,11.30213,4.902744
31321693,5.88681575759426,1.0043437282959,0.794397332431537,-0.1799153,11.35723,4.905632
31351413,5.3618412308324,1.51260860579224,0.850222296157831,-0.1906217,11.43808,4.904966
31373984,5.42964356592905,1.6920092615468,0.936690167394367,-0.1967956,11.49236,4.906374
31394552,5.34036918790112,1.70550679419348,0.916150666776742,-0.206375,11.5505,4.904696
31426998,5.42158154453599,1.49419982494327,0.976441500748842,-0.2159533,11.63655,4.90825
31456032,5.36550077926304,1.32272778691142,0.972276255523319,-0.2251436,11.71663,4.90746
31477183,5.44343956791018,1.20385124391235,1.00472959529054,-0.2308386,11.77545,4.909037
31499607,5.59319132474778,1.12243324808163,0.954041536965501,-0.2367785,11.83119,4.910878
31519736,5.68132156059106,1.12205096699904,0.93899062516614,-0.2426195,11.88416,4.912201
31539319,5.82139473267915,1.11313325590179,0.794492611488726,-0.2512538,11.9359,4.909513
31559378,5.76018512705005,1.17828742695902,0.705209534010471,-0.2580249,11.9883,4.909859
31592890,5.67825965919649,1.45713126427258,0.632970925794614,-0.2708913,12.07379,4.909406
31624849,5.8675586575183,1.46149283620653,0.606197590499332,-0.283062,12.15405,4.9073
31653348,5.8030490854737,1.07145725607902,0.640954303135533,-0.290734,12.23644,4.908259
31673358,5.851441822621,0.919444480204978,0.767741880211508,-0.2990986,12.28798,4.905425
31697281,5.93671289846883,1.05095672233008,0.724389907774444,-0.3055755,12.34313,4.905839
31726673,5.70620449617894,1.59617026709253,0.711202042217654,-0.3160566,12.4236,4.905143
31746460,5.64834917226152,1.59405766282098,0.703429839711231,-0.3248045,12.47176,4.901843
31766753,5.81766574379593,1.14761329595911,0.689067275650588,-0.333025,12.52555,4.900328
31789407,5.98765368237382,0.820446368365319,0.659740582487136,-0.3410597,12.57664,4.898587
31809980,6.28883870664357,0.77952489287315,0.618449689730083,-0.3513689,12.63499,4.896966
31831001,6.63402999602109,0.878030632616282,0.619845509598454,-0.3601007,12.68802,4.893402
31851681,6.78313204319272,1.19472194238592,0.630853770254466,-0.3652017,12.73957,4.89274
31871448,6.57211291352063,1.65408082952351,0.657315791851518,-0.3708848,12.79094,4.891746
31891462,5.96080955177815,1.70218937902707,0.657381068118235,-0.3797082,12.84101,4.888031
31914522,4.98152965926749,1.44828966900021,0.672753554421996,-0.3884009,12.90182,4.88592
31944901,4.15422622343897,1.18243330706499,0.733640808859643,-0.3991588,12.97765,4.885195
31974524,4.92469550150699,1.12581582337279,0.675189548343548,-0.4129556,13.0522,4.881432
31995428,5.75472714345328,1.38034961126424,0.726589591306741,-0.4212044,13.10218,4.880809
32020012,6.4693204320549,1.86332623969428,0.707122035483274,-0.4297665,13.15965,4.879902
32039805,6.87617609746514,2.20750228439264,0.503907116758075,-0.4395091,13.21402,4.876344
32059920,7.1395074271569,2.09078993277066,0.48770158649512,-0.4452216,13.26427,4.87579
32079927,6.30371896069441,1.66301962835402,0.444323755708032,-0.4514884,13.31435,4.874784
32112738,5.29134258322693,1.34594701066861,0.514048259636508,-0.4658788,13.39566,4.869678
32142977,4.83870317110113,1.46268609760957,0.63014658659336,-0.4768712,13.46985,4.869924
32172761,4.95931203352757,1.86813396398962,0.60843493865027,-0.4905927,13.54315,4.866648
32202776,5.46971570277905,2.22479690739489,0.64953260503065,-0.5047671,13.61612,4.862832
32227954,5.66995143420364,2.11810535169975,0.6585724415071,-0.5118504,13.67495,4.863359
32257547,5.41642104868023,1.69436209413508,0.764827889492016,-0.5222322,13.74797,4.859706
32286847,5.52830819352295,1.05968465248544,0.728166847809387,-0.5332817,13.82046,4.855541
32308077,5.80944543152132,1.04717531323101,0.564679576790037,-0.5403125,13.87377,4.853695
32329828,6.04486670013945,0.99677915420642,0.530630843922202,-0.5465391,13.92224,4.85227
32349424,6.05155477929082,1.0701050589459,0.48920970225057,-0.5555475,13.97016,4.848357
32369794,5.88008699460692,1.19843683642644,0.435804885343783,-0.562306,14.01837,4.846157
32399483,5.37467338275611,1.3724675703215,0.537960792893571,-0.5753063,14.0899,4.840922
32425957,5.25053554652495,1.10903280790259,0.702309687609746,-0.5810711,14.1479,4.839689
32454994,5.62280175113524,0.826983290496447,0.784481474473284,-0.5911021,14.22238,4.835795
32484999,5.16096771149339,0.838534549667095,0.702958319774946,-0.5979472,14.29482,4.833943
32514886,4.33639428642699,1.04175384912557,0.465187610071843,-0.6089742,14.36668,4.829424
32548188,3.99648769030293,0.725392854293547,0.23827562401198,-0.619309,14.44366,4.826026
32578037,4.47891281858681,0.76219219930044,0.381817493972098,-0.6320247,14.51555,4.821573
32608428,5.19009338508975,1.16163174495943,0.400007016543118,-0.6433296,14.58771,4.818192
32631008,5.51148279750359,1.36097690067613,0.393231815570475,-0.6550236,14.64275,4.813784
32653008,5.32800939805671,1.35343337621127,0.278976731327186,-0.6601375,14.69551,4.811994
32683711,5.04798634563211,1.33463712985737,0.0754416470222711,-0.6673493,14.76753,4.809434
32713002,4.95290211398075,1.21814604433221,0.063499777098029,-0.6789571,14.83945,4.804921
32736620,4.90024069280639,1.14234371280186,0.148879279950356,-0.6852196,14.88754,4.804182
32766757,4.884672044732,1.16959716895067,0.337025676548748,-0.7004777,14.96924,4.800028
32797043,4.53853127627287,1.19328632835519,0.383206417340317,-0.7117303,15.04138,4.797997
32828860,4.94156545218167,1.18785125047079,0.369011717097241,-0.7214361,15.11843,4.79544
32860331,4.53429048769693,1.35679817458211,0.311158886246431,-0.7307703,15.19543,4.793637
32890703,4.56140424428893,1.25711482725349,0.27932053715904,-0.7423848,15.26534,4.790478
32923175,3.92181913256125,1.25947694055249,0.221647531291395,-0.7532309,15.33992,4.787819
32953984,4.10745980547515,1.2311935326233,0.148611809442817,-0.7685876,15.41942,4.784371
32984440,4.2815534650484,1.23226671833523,0.174227134152267,-0.7806283,15.4913,4.782524
33013995,4.53287122926442,1.28190193631605,0.177925293939536,-0.7952352,15.56318,4.778974
33048438,5.15810585859369,0.82448839067957,0.175444295410732,-0.804107,15.64198,4.778923
33078903,5.77829303194127,0.544118961152834,0.216659164330972,-0.8121376,15.71332,4.779494
33098645,5.84865544777733,0.788213914104693,0.200099198102124,-0.8209575,15.7611,4.777744
33118491,5.61228895961391,1.74923417054807,0.222145773184988,-0.8271728,15.80875,4.777523
33141084,5.45861103457929,2.41446461170019,0.21499392961966,-0.8337809,15.85645,4.77702
33161756,5.34216701144303,2.43181908389103,0.347056689615128,-0.8446633,15.91143,4.774602
33191947,5.15569230712384,2.02171066883394,0.500760156988962,-0.8554764,15.98283,4.773857
33213703,5.4378059635608,1.38250993730814,0.465871099841609,-0.8608067,16.03071,4.773186
33242810,5.42470529100823,0.732749106775087,0.502615464570579,-0.8709431,16.10768,4.770415
33275444,4.87626457183872,0.861149239912409,0.296142988737493,-0.8788556,16.18704,4.769748
33305367,4.7790420810221,0.781351832014108,0.149347102829252,-0.8887725,16.25915,4.767898
33335861,4.84207682369527,1.26252771383424,0.252433170371152,-0.8964996,16.33121,4.76722
33360284,4.94476141535126,1.64419626116414,0.26841572607237,-0.9025475,16.38171,4.765434
33389088,4.3960313910502,2.11401890468961,0.372700208665779,-0.9143463,16.45874,4.761412
33421032,4.10201420404389,2.30962080245892,0.334162906223309,-0.921173,16.53083,4.758579
33450840,4.15006694938054,2.15501831621952,0.219339957574324,-0.9291369,16.6075,4.755364
33484002,4.91996445192571,2.05203401541459,0.186374568002134,-0.9348735,16.68633,4.753989
33504465,5.60327923368296,2.00139393803874,0.142102146263632,-0.9383419,16.7341,4.753615
33523929,5.71154553238951,1.91302266978526,0.107781267777466,-0.944782,16.78203,4.751694
33554740,5.42655722381125,1.75996583803635,0.0205670486748599,-0.9509248,16.85369,4.75098
33577212,5.58907622620355,1.66476053513205,-0.0280880069810619,-0.9569958,16.90849,4.750874
33607191,5.72395036515914,1.39568566716346,0.0259901238872521,-0.9662076,16.98013,4.749221
33628070,5.67936940600781,1.39487161742877,0.0490713254351814,-0.9678821,17.03236,4.748639
33658416,5.16730351727486,1.45873480305794,0.168040692778528,-0.9734206,17.10383,4.746533
33681027,5.06560384269493,1.47514517314454,0.219417651854927,-0.976092,17.15622,4.746499
33711486,4.73230286846046,1.53871225274689,0.206791434360562,-0.9795814,17.22772,4.747828
33741039,4.78836512465992,1.49085709034685,0.265583233604162,-0.9863426,17.29959,4.746448
33775502,4.73949849292426,1.29944913884324,0.277820823452864,-0.9915534,17.37379,4.747725
33804971,4.8689763164075,1.42436929718104,0.269924616920313,-0.9999877,17.4507,4.746724
33835943,5.31151002036566,1.46446815169359,0.136573713205716,-1.000306,17.52505,4.747918
33865473,5.88956463064549,1.47500507039562,0.064283328350791,-1.004758,17.59735,4.746668
33888330,6.04901439197439,1.49742045692935,-0.0452006769841911,-1.007079,17.65284,4.747087
33908785,5.91656333865756,1.4492526496851,-0.144533165703544,-1.008795,17.7011,4.748606
33938565,5.51051952162016,1.20072185306018,-0.0271055772738314,-1.014657,17.77385,4.74841
33968457,4.99460363756173,0.946920469787496,0.0735142727510592,-1.02037,17.8443,4.747974
34001533,4.34892410502207,0.788817584201309,0.232902146758383,-1.025941,17.92464,4.749919
34032830,4.25413458884317,0.772548554507883,0.322200542967552,-1.025914,18.00259,4.752507
34063066,4.73986853920521,0.919822428529332,0.250838234779695,-1.029669,18.07619,4.752393
34086883,4.99934246435933,1.06225708589367,0.287670868829074,-1.031198,18.1302,4.75305
34115893,5.05118369695973,1.75714182120798,0.359489404867813,-1.036313,18.20687,4.751813
34146557,4.89954687022939,2.24711257384357,0.268384721131856,-1.039083,18.28092,4.751598
34175866,4.41446210610779,2.13308913296581,0.191185897142001,-1.044713,18.35544,4.749395
34209370,4.41806410676225,1.97651024582939,0.0434109861094432,-1.049904,18.43762,4.748546
34240212,4.62299312522295,1.73830494251759,0.108995555904421,-1.051991,18.51371,4.747781
34270182,4.59953772796384,2.16807814393197,0.285284236642019,-1.050992,18.58656,4.748747
34292950,4.78107059525054,2.24622195140428,0.321133485743465,-1.054209,18.63596,4.747518
34323930,5.17984292660998,1.62548342321994,0.127659868185155,-1.055847,18.71678,4.749552
34354064,5.01548378165777,0.953354828732671,-0.013817474939228,-1.057949,18.79272,4.751988
34384000,5.1127308340973,0.228617915332992,0.0930004740552852,-1.062457,18.86425,4.75181
34410805,5.08280458039848,0.0323270509938522,0.187943177105477,-1.063622,18.92322,4.75322
34439913,5.54449112610609,0.284647780000392,0.358128718838961,-1.061695,18.99901,4.757375
34469554,5.46307427311745,0.172791809154339,0.329827887073188,-1.063769,19.07311,4.758077
34504000,4.69116906833991,0.420413205725362,0.167190261265522,-1.063847,19.14907,4.760847
34543031,3.37677798217361,1.43118736197645,0.148364424214313,-1.067681,19.2505,4.761691
34573689,4.22500899271011,1.91782973581789,0.197371244882166,-1.069492,19.32407,4.763189
34606076,5.33545319963863,2.32890503691735,0.255137842315189,-1.074442,19.40294,4.761916
34628642,4.92228983090033,2.16740137689176,0.237047756744369,-1.072249,19.4591,4.763254
34658476,4.04021964616549,1.47448375985592,0.223146920577891,-1.072575,19.53218,4.763178
34698876,3.95078789383377,0.0648796955007451,0.0710641346933875,-1.069693,19.62843,4.763847
34731470,5.1550074740209,-0.740125509905058,-0.035556489701901,-1.072661,19.7077,4.761402
34761055,5.40081358059479,-0.456550064571699,-0.11977438977398,-1.072914,19.77901,4.759392
34791343,4.50415236160613,-0.201814242527394,-0.200332601896295,-1.076368,19.85016,4.756422
34826532,3.97086058491653,0.166117184376375,-0.0772969750547087,-1.077473,19.93254,4.754145
34856535,4.70753549397662,0.157494262641701,0.0952509665985422,-1.073829,20.0026,4.75448
34886558,5.25977087793512,0.222781969026259,0.0897130108760223,-1.074872,20.07247,4.753016
34909451,5.13792334807962,0.451284617623886,0.097763623943832,-1.073824,20.11866,4.753327
34939902,5.00035887721288,0.318190798712085,-0.0102480245193734,-1.074078,20.19441,4.753656
34969812,4.99866715644319,0.117543483144496,-0.0279455542105024,-1.076987,20.26274,4.752393
35000027,5.1090643574874,0.356999659508598,0.0532504093426679,-1.078148,20.33045,4.752016
35022980,5.09064252023838,0.654371492659367,0.000916450597394278,-1.082011,20.38221,4.749768
35054919,4.29056989273681,1.07899380898222,0.0363662830730415,-1.080227,20.45253,4.748742
35084798,4.09066812156718,0.932549357085715,0.0385188972072405,-1.08042,20.51784,4.746243
35115088,4.71697316560423,0.415958498034899,0.0155885815037913,-1.078101,20.58206,4.744359
35138412,5.08278961476532,0.426184752745209,-0.0326469331030634,-1.077859,20.63106,4.743035
35167930,5.64587508465405,1.16438417944517,-0.161887547840163,-1.079801,20.69462,4.741277
35199820,5.62365205079981,1.75855255380456,-0.14012989553076,-1.077283,20.75698,4.741102
35232009,5.01733536197153,1.77058671749677,-0.156538926943531,-1.075966,20.82759,4.738658
35261986,4.67047503027954,1.26100676765782,-0.17829715944086,-1.070738,20.88863,4.742776
35292073,4.180609567819,0.743338994656609,-0.258064849770742,-1.070042,20.94914,4.74332
35322876,4.07953373992672,0.239099602488462,-0.332734727900211,-1.066995,21.00841,4.745699
35355015,4.53266742666522,-0.0637630785129668,-0.428968745591394,-1.068111,21.0709,4.744977
35385479,4.67495768014181,-0.276766195348485,-0.466899958438089,-1.066905,21.12828,4.746058
35416190,5.02002953879501,-0.267597160707116,-0.586994474148572,-1.066762,21.18913,4.744832
35449008,4.82786835817733,-0.411324816125048,-0.499594235195524,-1.060892,21.24749,4.745629
35479068,4.61299865989341,-0.511616502519462,-0.539720503281966,-1.0596,21.30336,4.744996
35509449,4.30998295305491,-0.233840441570829,-0.497872672366639,-1.056002,21.35838,4.745548
35540082,3.74053267465413,0.714514688548384,-0.580012864429468,-1.05654,21.41595,4.743718
35572047,4.13032830611127,0.553259024449676,-0.615803037068409,-1.055416,21.47049,4.742764
35601893,5.08619985440355,-0.357945684505438,-0.680636931669751,-1.057316,21.52234,4.740579
35623207,5.46262878810637,-0.879378760515068,-0.913716469967882,-1.055786,21.55943,4.739581
35647737,5.67263538628884,-1.42682492348088,-1.04629918130683,-1.052481,21.59404,4.740271
35676343,5.32257577694536,-1.40284260571042,-1.09242286602442,-1.052303,21.64605,4.739314
35706725,4.62226599760691,-0.796194572453544,-0.99933792458379,-1.049288,21.69197,4.739958
35736336,4.89248671608427,-0.590878043269404,-0.752690676190104,-1.050661,21.74029,4.738288
35759061,5.04037513105706,-0.601299369472291,-0.730966967176708,-1.050799,21.77541,4.737836
35789281,4.80600905998041,-0.740996753851993,-0.783990932261722,-1.052987,21.82026,4.736793
35819482,4.38255119100038,-0.951387640385188,-0.861252984936259,-1.053778,21.86394,4.736866
35852036,4.15470897898135,-1.19902129034059,-0.709514751391846,-1.052087,21.90604,4.735653
35883549,4.28598423781454,-1.35245908531865,-0.693228324175451,-1.047487,21.95062,4.735909
35913517,4.43271367557875,-1.34220949588415,-0.574607335858983,-1.047022,21.99158,4.734581
35943831,4.14068472245538,-1.23601535624685,-0.423712553831108,-1.044241,22.03105,4.734121
35976579,3.64752578087144,-1.28785309640594,-0.364848842090643,-1.045873,22.07359,4.731462
36006738,4.1119659040855,-1.73070554388164,-0.291948315656371,-1.045256,22.11063,4.729538
36037961,4.46075532296856,-2.10624180088552,-0.701988981872569,-1.043158,22.14693,4.726876
36060919,4.92377514428174,-2.3375808705937,-0.8964267888475,-1.040215,22.1727,4.725002
36091593,5.23027345809681,-2.21498207865064,-1.22377570056389,-1.035907,22.20375,4.721325
36121014,5.07940569376206,-1.86485399708004,-1.20355411307488,-1.036098,22.23548,4.717359
36151085,5.2184934912908,-1.90870304810918,-0.94216520937548,-1.036901,22.26614,4.713384
36174327,5.07262475467008,-2.00648947520546,-0.868597220816782,-1.036615,22.28773,4.709758
36204068,4.73719714532721,-2.12605001856336,-0.765450728321819,-1.036586,22.31617,4.704481
36235047,4.68307189794759,-2.24744080727985,-0.839271923651925,-1.033436,22.34475,4.699576
36257943,4.59070995227605,-2.25352343847111,-0.808618230500974,-1.033966,22.36249,4.696575
36287920,4.54488029491447,-2.3274478573874,-0.795076035316871,-1.030859,22.38963,4.692052
36317983,4.73986231511305,-2.447525130434,-0.579141455590475,-1.031292,22.41373,4.688327
36348057,4.66037155715599,-2.34615189883127,-0.278495471508792,-1.029722,22.43623,4.684679
36372024,4.57071008175476,-2.19207549038174,-0.107402105759975,-1.029669,22.45226,4.682901
36401191,4.59635475864693,-1.78127553942665,0.0353170168182784,-1.032113,22.47429,4.680131
36432730,4.20095914888235,-1.72391327828125,-0.0786329858399717,-1.026454,22.49153,4.677402
36462012,4.11413132492498,-1.92178361353457,-0.43543634513036,-1.025566,22.50906,4.67434
36495483,4.08223522713037,-2.30869997132224,-0.507572653077635,-1.02293,22.52653,4.669583
36525475,3.84173552248785,-2.23341493001203,-0.562095902124211,-1.023544,22.54219,4.665429
36555036,3.93328228295283,-2.0318859106658,-0.514068632270689,-1.024722,22.557,4.661259
36588847,4.33542006263186,-1.92514458571773,-0.483243614442652,-1.024614,22.57034,4.656966
36620088,4.71566529484312,-1.96740197812727,-0.604403469511438,-1.022377,22.58137,4.653534
36650065,4.88885757805141,-1.87618893102044,-0.697620539170935,-1.022378,22.59131,4.651019
36679844,4.86189066617665,-2.11059519717155,-0.776280509872512,-1.02307,22.60031,4.648714
36703045,4.79885297160301,-2.25843571257302,-0.701049137689291,-1.022839,22.60601,4.646703
36733739,4.73785448132825,-2.36824133554641,-0.590032913114565,-1.022665,22.61295,4.643653
36763035,4.49693165022728,-2.59368149993834,-0.553563144457083,-1.025066,22.61932,4.641325
36786010,4.27708551131781,-2.67526470518859,-0.571004386409355,-1.025932,22.62277,4.639558
36818709,4.00869942591666,-2.91710492774254,-0.586405737085727,-1.026771,22.62743,4.63726
36848442,4.23376624736087,-3.01384627801465,-0.642699580980761,-1.026973,22.63062,4.635798
36878703,4.22216144075704,-3.08194332620368,-0.595092379474935,-1.024542,22.63169,4.634547
36911131,4.29344622860371,-3.0143705139933,-0.615935514883446,-1.026601,22.63364,4.633725
36941473,4.32470580424038,-3.16439852063494,-0.646556501801041,-1.026261,22.63353,4.633106
36970993,4.30898865234497,-3.42628239120112,-0.555803814301522,-1.028931,22.63372,4.632564
37005423,3.8436414884746,-3.20897366740788,-0.54349531649354,-1.030779,22.6325,4.631301
37035071,3.72899867186973,-2.71987220412071,-0.47911282409649,-1.033328,22.63033,4.630328
37065743,4.1328949649067,-2.05241154800115,-0.547360828606213,-1.030664,22.62516,4.629146
37095063,4.48464478849161,-1.78701824058313,-0.535661927296015,-1.031987,22.62084,4.628081
37117998,4.70710819865949,-2.21246115657599,-0.570731954001299,-1.031809,22.6167,4.626427
37147963,4.53975874229949,-2.71882939818816,-0.540049478842827,-1.034474,22.61124,4.623613
37178625,4.29545012431149,-2.95602302938893,-0.597872668206723,-1.035658,22.60396,4.620526
37210730,4.30737225334972,-2.85630220621692,-0.549281832888344,-1.03995,22.59658,4.617992
37242393,4.35958611471591,-2.80277620852063,-0.511656291784141,-1.037288,22.58571,4.615808
37272326,4.17119169305981,-3.30176550560656,-0.36487862052441,-1.038756,22.57592,4.614419
37302938,4.33494354942937,-3.6104391307555,-0.363477673706037,-1.038159,22.56392,4.612936
37325841,4.37627994662896,-3.61023427118216,-0.389654680336911,-1.039178,22.55477,4.611544
37355794,4.26280569336589,-3.56461067262265,-0.433179332973437,-1.042413,22.54278,4.610113
37385472,4.35189056653496,-3.20704171822458,-0.384439258018962,-1.0461,22.53001,4.609069
37419897,4.25133657416744,-3.29399346915425,-0.329753678685873,-1.04856,22.51527,4.60731
37449480,3.72750536854262,-3.06543226792645,-0.292069420885993,-1.047881,22.49685,4.605591
37479332,2.85315827479461,-2.67724147525012,-0.2832141593756,-1.048452,22.47986,4.60438
37510312,2.86275995106284,-2.76930894404797,-0.439450313424336,-1.046705,22.46058,4.602605
37543182,3.8035234008333,-3.41784371617705,-0.460195588870089,-1.049364,22.44026,4.600956
37573061,4.59073672113505,-3.39007727116834,-0.379521306758036,-1.049491,22.4197,4.599181
37603059,4.62165766407072,-3.0950064944075,-0.256824852003523,-1.052229,22.3996,4.597733
37626561,4.28839645695038,-2.93932139340172,-0.253521208030537,-1.053985,22.38247,4.596487
37657711,4.33694677693293,-3.11673497981003,-0.22933135939506,-1.048895,22.35621,4.595734
37687015,4.76739777067112,-3.33307367634205,-0.212898994163727,-1.048219,22.33197,4.595284
37707718,4.79138996730679,-3.49895293070151,-0.277185298965175,-1.04597,22.31437,4.595011
37730185,4.86558519753644,-3.36969282078539,-0.264362243101597,-1.047445,22.29639,4.594883
37760074,4.61054996591729,-3.1603330606452,-0.279592523191908,-1.045515,22.26819,4.595497
37780437,4.83484052439868,-3.34581113867651,-0.340932114023337,-1.044589,22.24965,4.595882
37800469,5.19710075715066,-3.3774010151313,-0.367379496895054,-1.046186,22.23195,4.596113
37819996,5.4742251741658,-3.05166890836797,-0.318652945742377,-1.045772,22.21293,4.596609
37844097,5.02234332683381,-2.84052945267523,-0.371037353990295,-1.04401,22.18939,4.597237
37874500,4.70414395821668,-2.67102072291537,-0.161075513402869,-1.041212,22.15891,4.597796
37904695,4.12113935101116,-2.86448852644045,-0.108587693395531,-1.035633,22.12645,4.598145
37938970,3.96737721528252,-3.37834232871199,-0.107934953404945,-1.034027,22.09377,4.59801
37967848,4.32098490332889,-3.96702951707842,-0.310699748856807,-1.03041,22.05815,4.599219
37987834,4.91802360330931,-3.78411452026083,-0.40001020788278,-1.030562,22.03651,4.599448
38008336,5.47693455596602,-3.59670874497638,-0.538300996226499,-1.028677,22.01356,4.600328
38029502,5.59813674720844,-3.46700865258292,-0.622554794300015,-1.023792,21.98611,4.602046
38052070,5.45070090986763,-3.39536873013122,-0.678264379895181,-1.019737,21.95732,4.603811
38072179,5.28661917774421,-3.3785802336377,-0.620920678668273,-1.01874,21.93343,4.604756
38092333,5.14361207076865,-3.71803927595823,-0.529353795090014,-1.015015,21.90758,4.606299
38112734,5.04994554545647,-3.99737087190147,-0.497542117833901,-1.011803,21.88173,4.607818
38132095,5.44007198316982,-4.09993440996939,-0.469897493449398,-1.011383,21.85723,4.608603
38155842,6.09880018273541,-4.12958579325711,-0.494660533002057,-1.009011,21.82763,4.610127
38175938,6.37536955950343,-4.16015329254434,-0.272234916966514,-1.00692,21.80131,4.612112
38196019,6.30460265707821,-4.24364621344068,-0.215594104064268,-1.005123,21.77489,4.613907
38216012,6.00229997979004,-4.46354268687922,-0.168471392993094,-1.005147,21.74938,4.614697
38237045,5.58977561766943,-4.52088801849551,-0.125874053144371,-0.9996986,21.71958,4.617288
38260001,5.72417649007484,-4.37838132239984,-0.0692233303441236,-0.9949646,21.6872,4.620383
38280211,5.89931323655571,-4.18423492284534,-0.26056016888786,-0.9933509,21.66019,4.621601
38300163,5.66884644515369,-4.08665516526288,-0.211743114608866,-0.9890995,21.63142,4.624032
38320292,5.54238190051845,-3.89017575384658,-0.0791126131836802,-0.9852279,21.60259,4.626276
38340002,5.26280750818256,-3.94160544887899,0.101035977463004,-0.984006,21.57496,4.627167
38363016,4.6507159887062,-4.11080858528666,0.170384383393733,-0.9809128,21.54306,4.628843
38383765,4.33853560554501,-4.35729321799183,0.197606741037116,-0.9782633,21.51351,4.62987
38403022,4.71981602094373,-4.27995584025548,0.245913338737303,-0.9778054,21.48477,4.63016
38424820,5.46689345639117,-4.0145388157522,0.251741245872689,-0.9719247,21.4511,4.630888
38447098,6.0597776876756,-3.76554863871135,0.113698900948237,-0.966678,21.4187,4.631349
38467491,6.02150380025864,-3.62397084544937,0.131499497717248,-0.9650294,21.38374,4.630935
38487778,5.86889420508549,-3.59857434625763,0.104580468235451,-0.9605364,21.3511,4.630966
38507858,5.79979348269245,-3.52500979724843,0.0255809935443762,-0.9566355,21.3183,4.630838
38527471,5.69006158435697,-3.5864146169052,-0.0106226143802303,-0.9554771,21.28687,4.630252
38548182,5.66325820545324,-3.50093546505272,0.00920705013126624,-0.9522279,21.25382,4.63026
38570974,5.56596522245588,-3.33603016260485,0.0163762099546808,-0.9495732,21.21605,4.630388
38590844,5.5013467501316,-3.09603442435866,0.0326921628679416,-0.9487689,21.18372,4.630198
38611100,5.28024849487442,-3.15535386555159,0.0862657258170536,-0.9463497,21.14992,4.630449
38632323,5.10769427731143,-3.33857759667873,0.0132239312179194,-0.9397279,21.11245,4.630555
38651991,5.24207896552458,-3.49347801881627,-0.115754435305806,-0.9370118,21.07655,4.63018
38675039,5.79203517958405,-3.55888509189597,-0.0557788518060107,-0.9312788,21.03519,4.629378
38695497,6.05689444882421,-3.6557399203346,0.066259249709071,-0.92598,20.99866,4.628202
38715018,6.23674075687916,-3.69239960639338,-0.0390325090774147,-0.9237906,20.9634,4.627339
38734978,6.1707325445886,-3.53295268948963,0.171184006229768,-0.9191124,20.92649,4.626088
38755777,6.12426146515023,-3.36627286386496,0.208860121333086,-0.9147936,20.88948,4.625021
38778852,5.93184710380819,-3.1454979292249,0.0253727340790442,-0.9109254,20.84708,4.623958
38798022,5.66233196953435,-3.02808521622698,-0.00965893347401868,-0.9091414,20.81061,4.622924
38821451,5.71006215266985,-2.85819612731902,0.0235078376897095,-0.9040589,20.77179,4.621992
38840583,5.96112966923845,-2.95217611177076,-0.249431187045222,-0.8981495,20.73035,4.621117
38860073,6.24140141742665,-3.02828269672869,-0.0624829113742354,-0.8954319,20.69234,4.620202
38883068,6.31419886455509,-3.10453270253395,0.131309212400477,-0.8901246,20.64875,4.619858
38903027,6.25462352742921,-2.89888043725726,0.23056128703242,-0.8852535,20.6088,4.619997
38923076,6.04767537806679,-2.73040636049056,0.509687453171345,-0.8808312,20.56878,4.619975
38943006,5.9629348379464,-2.1318610390235,0.871894719362311,-0.8786093,20.53004,4.619418
38962945,5.70442294177889,-1.52256923857377,0.990492751556466,-0.8746627,20.48784,4.619622
38986756,6.10137604651134,-1.24015971729339,1.11383936781937,-0.8709175,20.44361,4.620243
39006602,6.79789781176401,-1.06376497860985,1.30716838477849,-0.8689547,20.40626,4.620345
39027485,6.83211819867737,-1.05709196748201,1.19419384971392,-0.8642532,20.36091,4.621324
39047866,6.34666940952326,-1.16944904176898,1.14973559396256,-0.8587369,20.31826,4.622638
39067503,6.37928770338779,-1.37919516258116,1.09038568265352,-0.8556905,20.27738,4.622802
39090416,6.4493594030315,-1.37562318505554,0.984239924315705,-0.8505579,20.22872,4.623582
39110512,6.52179305549768,-1.39316078962098,0.729805294193096,-0.8458275,20.1859,4.624228
39130342,6.76238914728839,-1.23844767062798,0.669542431681072,-0.8413613,20.14312,4.62476
39150030,6.94984078873909,-1.19672666658829,0.772360949128351,-0.8383576,20.10146,4.624663
39170341,6.68769488009761,-1.09682137573192,0.85208304244215,-0.8339692,20.05841,4.62666
39194621,5.99330744534158,-0.986304293822564,0.934499622894881,-0.8293585,20.00721,4.629539
39224658,5.51807993092621,-0.686994257152433,0.938217344667593,-0.8229977,19.94203,4.634117
39245069,5.72960970253343,-0.371454618340012,0.913040418881249,-0.8178885,19.89585,4.636094
39265511,6.60218500735618,-0.141221593104574,0.903604868138798,-0.8104632,19.84727,4.640103
39288068,7.14519453998427,0.0505211122513279,0.890085004350177,-0.802996,19.79451,4.644351
39308750,7.40567583026273,0.309979037194878,0.848733002163647,-0.7961819,19.74821,4.64905
39328185,7.00428115800514,0.447291304742481,0.897927417182534,-0.7911438,19.70343,4.650802
39348338,6.88774311066657,0.542913101373275,0.858789510989786,-0.784448,19.65694,4.65477
39368835,6.27577157303025,0.560846449202637,0.829740429844141,-0.7778602,19.61048,4.658196
39391509,6.52966995006836,0.713646210955083,0.835859643161457,-0.7722473,19.5607,4.659001
39411916,7.21726034533878,1.24167347484578,0.882687271009305,-0.7658936,19.51424,4.664322
39433676,7.54431271801323,1.82435015596253,0.940040931467478,-0.7567917,19.46537,4.669958
39453005,6.98544890422397,2.17169988365888,0.976597758184975,-0.7499547,19.41883,4.671425
39473005,6.2171744628943,2.58632490887546,1.11636878737252,-0.7410033,19.37026,4.675833
39495999,5.38567427084476,2.76227299221965,1.08760097409721,-0.7321542,19.32165,4.679797
39517040,4.92402732160373,2.50392055459798,1.13374395244898,-0.7224234,19.26414,4.68523
39546911,5.40087421501164,2.22335482130421,1.04098431967557,-0.7109847,19.19275,4.689298
39566984,6.03221061601448,2.29804711691786,0.976122303676439,-0.702413,19.144,4.693728
39586740,6.4276234387073,2.4277895918428,0.804260992331563,-0.6951731,19.09664,4.694646
39610007,6.68456550199992,2.76873568378019,0.775956449525832,-0.6859156,19.04294,4.700096
39631439,6.98610380534496,3.04185580552748,0.878583972938871,-0.675879,18.99212,4.705617
39650892,6.94593643411911,3.30439816769612,0.854599699668207,-0.666474,18.93997,4.706991
39671013,6.60993676614793,3.61297314237418,0.848889002074871,-0.655301,18.88783,4.712114
39691078,6.31779335045901,3.80960915200058,0.890614937359396,-0.6444734,18.83573,4.716784
39713928,6.32469121463263,3.82453845915403,0.930348566292236,-0.6343002,18.77849,4.717322
39733921,6.19177366400965,3.90202828728452,0.915626495383651,-0.6235885,18.72646,4.72473
39754454,6.10931442797495,3.97772331261536,0.957721595653668,-0.6130201,18.67444,4.731346
39773909,6.39689331192336,4.22056425376228,0.899997868748424,-0.6038916,18.62421,4.73305
39794016,6.60031613932789,4.51517010244037,0.847559718786942,-0.593594,18.57227,4.738732
39819732,6.45801793936695,4.86629766699946,0.67845341843392,-0.5808043,18.51439,4.745587
39839454,6.06168975828474,5.40507727693766,0.564274276518703,-0.5693813,18.4552,4.748728
39859461,5.95714782417229,5.84368126142276,0.534053309189694,-0.5569459,18.40106,4.756626
39879759,6.43476320152091,5.94276991925369,0.60601375309084,-0.5448253,18.34711,4.763606
39899456,6.89291565857573,6.24411945257388,0.711086061972835,-0.5348892,18.29533,4.765539
39924334,6.88031295039191,6.71225834690129,0.828703871626358,-0.5223826,18.23663,4.77088
39943095,6.4526697392876,7.32010701501759,1.00690847514212,-0.5103982,18.18074,4.777068
39963076,6.44950807626124,7.70145267662141,0.989082534671334,-0.5005289,18.12901,4.778364
39983715,5.89534134259748,8.09095739603339,0.899836588443248,-0.48924,18.07592,4.783188
40003716,5.41686244348588,8.20208185514601,0.838726567868537,-0.4781402,18.02305,4.787175
40015934,5.29775183251123,8.15024625085483,0.731374886426774,-0.4722119,17.99418,4.788761
40028947,5.01614124402729,8.03728255982787,0.633073986561742,-0.4637471,17.9592,4.791064
40048826,4.40831298771701,7.16085193886363,0.437005737948245,-0.4513036,17.90168,4.791618
40068511,3.83278913591181,6.65710032662033,0.503299337410524,-0.4371102,17.84719,4.796249
40088934,3.718829246764,6.2909470964222,0.516825717422615,-0.4233257,17.79298,4.80024
40108536,4.11552363760015,6.00762672361392,0.610445975337804,-0.4120022,17.74055,4.800188
40131949,4.50430349924868,5.96793415876941,0.787631475037262,-0.3973646,17.67881,4.804818
40151818,5.44573171899596,6.57524902759203,0.868575787057453,-0.3844108,17.625,4.809256
40171975,5.84531229524624,7.05189189194209,0.787289201063065,-0.3733107,17.57274,4.809448
40191826,5.75017932884474,7.33223123131391,0.802023878702059,-0.3607812,17.51921,4.812847
40212490,5.06237983195861,7.72404190591892,0.693460055930969,-0.3484356,17.46587,4.815625
40234348,4.61012554655656,7.95208422186857,0.676874523056902,-0.3365899,17.40864,4.814608
40256707,4.00428462842044,7.98869471443172,0.771220310583027,-0.3200508,17.35103,4.820203
40277001,3.5054230268059,7.90827830920631,0.712861762171573,-0.3044305,17.29625,4.825209
40296889,3.47684321553871,7.97185334149005,0.772455549940812,-0.2893912,17.2417,4.829503
40316852,3.75736258926974,8.04682670820588,0.806965143050704,-0.2769936,17.18865,4.829756
40339483,3.78843814008397,8.13563343536722,0.752206659350971,-0.2611839,17.12663,4.834731
40359782,3.89961772829616,8.2370010298302,0.688767200840757,-0.2477952,17.07509,4.839719
40379486,4.37656123127354,8.44994639028642,0.897603081693843,-0.2354934,17.01958,4.839857
40399473,4.38600818657499,8.39302296200286,0.829886637136973,-0.2222102,16.96575,4.843378
40421181,4.20765483529173,7.99810498869365,0.642722014136132,-0.2073689,16.91071,4.846941
40444845,4.21724941134184,7.81448967634246,0.587259825245251,-0.1885843,16.84192,4.850397
40464820,4.08064721215858,8.02330863190616,0.58723143808062,-0.175921,16.78807,4.850732
40484819,3.63905064312983,8.33501724614079,0.525556842520521,-0.1607452,16.73264,4.854729
40505018,3.26539971143771,8.9133600102948,0.652315630714683,-0.1463475,16.67734,4.858065
40524857,2.80942821316329,10.270795745196,0.692585023002319,-0.1344304,16.62106,4.857169
40537519,2.62880037684337,10.7646271667633,0.648071670849266,-0.1280881,16.59615,4.858962
40557994,2.28781656981307,10.7759707361981,0.506429009975551,-0.1132832,16.53086,4.860846
40578191,1.99726595347601,10.3356002251544,0.307787921873709,-0.101164,16.47888,4.863038
40597916,1.58351108119143,10.0695217240804,0.13595395829216,-0.09091406,16.42562,4.861563
40609897,1.3549328361932,9.91430553139777,0.0722987317987463,-0.08504085,16.39853,4.862129
40629733,1.05935465656192,9.32437187669515,-0.0966096006837331,-0.06834805,16.33691,4.863301
40652476,1.10196558770211,9.04763431139345,-0.0916038030600333,-0.05202862,16.27302,4.863417
40672823,1.19322538898777,8.98445366557023,-0.0707847993843135,-0.03767255,16.21734,4.863602
40692825,1.36616510441915,9.02761740066911,0.0456169701472636,-0.0268976,16.16349,4.86112
40712476,1.46214769228613,9.08071816695196,0.0923371340567194,-0.01364289,16.10816,4.860673
40732425,1.77411617987314,9.02267141801441,0.313189384717848,-0.003440288,16.05448,4.858046
40745419,1.69074852032927,9.03369990679232,0.244349870339859,0.002745969,16.02698,4.857577
40766018,1.60932741881614,9.10879321515103,0.136832616954687,0.01573166,15.96435,4.85376
40785736,1.4758434221891,9.21247406136906,-0.0677697661903252,0.02748837,15.90725,4.848907
40805953,1.51172813767467,9.17063226130129,-0.151741912016248,0.03814048,15.85293,4.844022
40826959,1.21386273401665,8.95309908440833,-0.0715868773294315,0.04978252,15.79362,4.839338
40850184,0.948343204425366,8.89767704518527,0.10949508908146,0.06506473,15.7301,4.834937
40870193,0.770710160975961,8.92443952262336,0.136713447720627,0.07844303,15.67478,4.82942
40890355,0.518538603978445,8.94430390439947,0.244258496446616,0.08796355,15.62104,4.824321
40910278,0.299661002519882,9.01291560714452,0.37199997672936,0.1002055,15.56602,4.818996
40930999,0.559899081722469,9.07094918371625,0.24960453855484,0.1117576,15.51127,4.813825
40950484,0.55916572428638,9.06314614853662,0.136076078441302,0.1201085,15.45786,4.808984
40972963,0.484671331877606,9.15413438620232,0.283164296320269,0.1306018,15.40091,4.803689
40993694,0.545825091519964,9.33759166136033,0.346936321755816,0.1398239,15.3467,4.798839
41014179,0.528854393002926,9.46079172747646,0.463846837619434,0.1489764,15.28672,4.794481
41034496,0.343798051602631,9.49692681202447,0.718053497992816,0.1610466,15.22993,4.791007
41057187,0.318748807256516,9.68100195370446,0.898634135971694,0.1720843,15.17354,4.787448
41078086,0.335934555791347,10.0838981203838,1.018635879005,0.1827421,15.10947,4.781185
41097910,0.0851439246312209,10.6159850586621,1.0547482768179,0.1891407,15.05512,4.776449
41118440,0.0166623168123798,10.8282581596662,0.952656549686521,0.1978214,14.99934,4.771132
41137933,-0.295608682816549,10.9464453528768,0.705429771233549,0.2031968,14.94519,4.766774
41159062,-0.993599772609057,10.7689003329409,0.667480864185826,0.2107034,14.88458,4.759653
41170935,-1.28049311329489,10.4895204873071,0.58804830761563,0.2140771,14.85441,4.755238
41191516,-1.70362494939378,9.8450044616341,0.635450200857988,0.2201339,14.79955,4.747121
41212048,-1.84289683334154,9.25156834454543,0.660080055737184,0.2297528,14.74371,4.740313
41232002,-1.97541100413223,8.81520118686022,0.869972594363515,0.2347493,14.68983,4.735434
41252042,-1.36032763137356,8.64071279512603,1.00569901615395,0.2427617,14.63467,4.729348
41275889,-0.978275171204425,8.65726950142631,1.00977037646305,0.2500711,14.56939,4.721014
41295751,-0.872181963011889,8.7140732690889,0.870169465821859,0.2563671,14.51491,4.713935
41315343,-1.10703978182851,9.01247753026638,0.977592425527847,0.2591955,14.4619,4.709245
41335755,-1.25677222496697,9.23409742348408,0.953189123198155,0.2641832,14.40803,4.70268
41355463,-2.06739997888378,9.16304303127612,0.98521772783723,0.2662205,14.35538,4.698307
41378540,-2.40164007164021,8.94438955233661,1.02287104485641,0.2699886,14.29431,4.692099
41398979,-2.20401802554008,8.86957154241832,1.11088153910732,0.2732074,14.24127,4.685091
41420075,-1.8312335140886,8.58826319477729,0.972100520298769,0.280362,14.18442,4.679041
41439899,-1.88988569787663,8.47785780782293,0.932575620895999,0.2830315,14.13181,4.675161
41460470,-1.74815522708311,8.54914402667328,0.80390964926829,0.288755,14.0782,4.6696
41483907,-1.87067249349459,8.56222271180671,0.798602492721849,0.2934646,14.01978,4.662762
41503727,-2.05783403431688,8.60629698135883,0.851887748262966,0.2948427,13.96776,4.658533
41523011,-2.36502580741191,8.48684298165837,1.07793498191089,0.2987597,13.91487,4.651704
41543111,-2.50317612588615,8.30318008658231,1.02001632236392,0.2994001,13.86314,4.647847
41563021,-2.7209545670022,8.22942032412291,0.960000519642137,0.3021152,13.8108,4.641888
41586967,-2.57595952334423,8.33520417941273,1.01398963358339,0.3039283,13.7537,4.636489
41605970,-2.34818668533475,8.45067296677749,0.942467284204711,0.3033432,13.69999,4.63386
41627850,-2.00768761705067,8.87447609937636,0.977870431627563,0.3066011,13.64228,4.629529
41647543,-1.67864348648222,8.99700675122171,1.08340085741305,0.3116018,13.58909,4.625678
41667652,-1.52940988274056,8.84372085449198,1.1172385736026,0.3121505,13.53742,4.623414
41690784,-1.80295620977016,8.65094397959172,1.13137779162705,0.3151777,13.47727,4.619934
41710951,-2.47394786861397,8.40663518052093,1.17071287625397,0.3178429,13.42505,4.615309
41730913,-3.19257997750352,8.11474600451614,1.07772844450703,0.3197486,13.37311,4.610971
41750726,-3.59785923513215,7.95670038855092,1.09102045435365,0.3183616,13.32225,4.608513
41771027,-3.45304476221107,7.96094880790903,1.19117580417407,0.3191064,13.27085,4.604724
41794940,-3.490379251838,7.96073466426132,1.10099637318847,0.3192133,13.21982,4.603573
41815031,-3.73688277897415,8.21889853622755,1.10493106973357,0.3182777,13.16408,4.603638
41834989,-3.97093393874619,8.69482846803406,1.10386531868009,0.321028,13.11245,4.60362
41855604,-3.95585289687081,9.08718301177267,1.15881277189949,0.3229589,13.06121,4.60387
41874990,-3.76257820013058,9.4701171011097,1.2485386378382,0.3211877,13.01119,4.604461
41899659,-3.35400172878824,9.7835296221169,1.20529357166685,0.32129,12.95559,4.605347
41918187,-2.97998231428328,9.9252221360829,1.28556924845107,0.3205852,12.90011,4.607104
41938081,-2.36205289684784,10.0604282091179,1.27666637992233,0.3174337,12.85055,4.608563
41958868,-2.30042422173855,10.1784734066765,1.1786166342399,0.3160204,12.80045,4.610253
41978768,-2.58202937784714,10.4693476609418,1.03165303561237,0.3139496,12.7505,4.611942
42001892,-2.68844939785798,10.7531995428112,1.02512838336699,0.310414,12.69346,4.614247
42014082,-2.66329921205131,10.8772115397539,0.975442909967649,0.3103267,12.66581,4.615627
42033017,-2.50937384375309,10.7893170831868,0.952194965821883,0.3069831,12.61634,4.617303
42053309,-2.23248842561643,10.3802811102807,0.728699573421382,0.306212,12.56614,4.619267
42073012,-1.92564367732224,10.0499536660521,0.791923758644331,0.3018859,12.517,4.620205
42093845,-1.46668407425766,9.17188519693801,0.786963111829167,0.2997253,12.4673,4.621589
42107027,-1.53550945350459,8.8697720893777,0.904780643422291,0.297531,12.4377,4.622086
42126050,-1.65406664945372,8.30151265200012,0.980594097801098,0.2935766,12.38601,4.622689
42146033,-1.80168347116237,7.71929905310338,0.986136992374423,0.2892384,12.33692,4.623156
42166497,-2.44657636960071,7.29183843964835,0.931515526799327,0.2824159,12.28846,4.622817
42185963,-3.53992078941061,7.68977196416129,0.671519693715371,0.2761617,12.23723,4.622693
42210706,-4.64155849173141,8.49532931098814,0.403089078788398,0.2687211,12.18382,4.621856
42231458,-4.34183811781263,8.77338525949778,0.476040888472217,0.2630637,12.12702,4.621574
42251663,-3.39337969030454,9.04744187437285,0.67323196700024,0.2561138,12.0807,4.621202
42271030,-2.12546051045889,9.12187945899346,0.794975230917343,0.2500259,12.02914,4.621293
42291509,-2.03818205562891,9.26689696135582,0.918758257847057,0.2430391,11.97782,4.621289
42303951,-1.97783920148478,9.14623445917758,0.972527743602847,0.2394502,11.95342,4.621271
42324209,-2.81179692148749,8.79843366940222,0.971144576602316,0.2282768,11.89815,4.621597
42344335,-4.33335356711393,9.0569739455878,0.676901870458187,0.2201359,11.84952,4.622575
42364771,-5.94583906361815,9.65806371252708,0.615245178385939,0.2114991,11.80109,4.623495
42384344,-6.2629780409607,9.77056870824729,0.348828675554929,0.2009952,11.7532,4.623637
42394892,-6.05007899361497,9.91343911422202,0.150027314290982,0.1969479,11.73145,4.623982
42408088,-5.52071317384431,9.91228977581263,0.124202130406448,0.1923602,11.70177,4.624666
42420873,-4.826098054846,9.9096672381701,0.0362783263241417,0.1868781,11.66986,4.625295
42439951,-4.65378179395355,10.3297553763623,-0.130924992828954,0.1785268,11.61803,4.626724
42459964,-4.37055004803804,10.0384771326286,-0.133583691509349,0.1683235,11.56966,4.627252
42480006,-4.19918195432367,9.81219792430851,0.0674797808394556,0.1598626,11.52057,4.62841
42500005,-3.21568875616633,9.56854669820546,0.355896586157029,0.1510643,11.47171,4.629164
42523016,-2.20199151697566,9.07812585183238,0.525912632472687,0.1383207,11.4165,4.628794
42543002,-1.93374670226231,8.56712973038908,0.446441343087843,0.1287478,11.36782,4.63061
42563743,-2.12793724670072,8.39690347061081,0.389401120002826,0.1187284,11.31927,4.632146
42583020,-2.56803392234957,8.3443315682151,0.236418646722208,0.1071396,11.2714,4.631982
42603088,-3.2292891243894,8.16725914123594,0.171147785109439,0.0964981,11.22309,4.632873
42629738,-4.20109322526135,8.40477807994763,0.161476985694,0.08377693,11.16188,4.634809
42648767,-4.18926278011665,8.6119711659616,0.430097296836311,0.07375678,11.11309,4.637106
42668343,-3.57964877089328,8.8425736127584,0.454345502507826,0.06201016,11.06511,4.637549
42688891,-2.88842523529072,9.01440696242544,0.682155447671904,0.05133501,11.01625,4.63958
42708349,-2.51977315184164,9.26965070532465,0.721772026416611,0.03920203,10.9681,4.640123
42731239,-2.53513189409947,9.90158513248945,0.775090010317364,0.02603934,10.91221,4.64185
42751767,-2.71783152752583,10.1513710644113,0.833948286432823,0.01450832,10.86353,4.645514
42771190,-3.10751125744156,9.78291560368756,0.977555643250036,0.001870025,10.81537,4.646856
42791327,-3.66831333394348,9.49775325791758,1.02585609687031,-0.01015604,10.76675,4.649901
42811782,-4.23767618416913,9.41863818017535,1.03007620033495,-0.02243365,10.71811,4.652688
42834478,-4.7124414406348,9.13239866515867,0.992762867262875,-0.03628241,10.66749,4.653589
42846342,-4.8317544965024,9.22040632736353,0.951127340346157,-0.04305207,10.63842,4.654589
42866358,-5.06493955935741,9.59137910459124,1.11470569559856,-0.05399945,10.59052,4.656806
42876744,-4.94120782941109,10.0373997327646,1.11331018357734,-0.05960948,10.56652,4.65783
42896063,-4.57499111886972,10.2168116318827,1.18533503134174,-0.07218648,10.51891,4.658395
42916441,-4.15495881403526,10.110653464373,1.34412492515464,-0.08374038,10.47104,4.659815
42940869,-3.17075545508332,9.1299638323723,1.34019424548653,-0.09625087,10.42072,4.660744
42960053,-2.5983530132512,8.28571814498146,1.17903643746907,-0.1089229,10.37099,4.662002
42979979,-2.34677536414047,8.19361767626406,1.03690383187839,-0.121737,10.32381,4.661605
43000048,-2.48205240603006,8.56801488259145,0.962587179488722,-0.1338835,10.27645,4.662281
43021190,-2.75151955350577,8.76194567564574,0.876032687251037,-0.1455822,10.23088,4.661356
43044037,-3.27734054247314,9.48916685497095,0.830448385835941,-0.1583799,10.1774,4.660676
43064396,-3.45404934095429,9.84979496915782,0.863679455557732,-0.1692102,10.13113,4.659887
43084063,-3.27833505726322,9.69155572907676,0.847054997549948,-0.1816808,10.08297,4.658621
43104323,-3.02385021547946,9.57494904329824,0.804986885650838,-0.1935612,10.03404,4.657858
43124764,-2.76105927108078,9.81159553255709,0.750102389422429,-0.2056251,9.985136,4.657239
43146998,-2.8907354644031,10.5767434413548,0.802678489700559,-0.2203605,9.929304,4.656428
43167025,-2.88334608341191,10.9888922662271,0.9036026172671,-0.2327385,9.880282,4.658197
43177811,-2.86539116047196,11.1163704386256,1.07818832022301,-0.2389468,9.855815,4.65906
43197338,-3.08689204692329,11.124161546242,1.1416949213926,-0.2518424,9.807069,4.6597
43208537,-3.25948132893088,11.0520143508016,1.03160392138398,-0.258014,9.778944,4.66057
43228503,-3.57642284719552,10.8934853473609,1.15324872705703,-0.2698855,9.725258,4.662162
43241190,-3.64366089118231,10.5356168586801,1.29933108943065,-0.2755894,9.699637,4.662695
43252061,-3.69440842434452,10.0709009653315,1.19315870932307,-0.2832226,9.666884,4.663147
43271827,-3.92444965068978,9.54151401179729,1.05885036264375,-0.2947744,9.615966,4.663885
43291490,-4.09647012539042,9.44365042164381,0.998451910600078,-0.3071416,9.566113,4.663692
43312030,-3.97744162816002,9.55121513515498,1.06377965885278,-0.3189362,9.515175,4.663817
43331744,-3.69526833805351,9.51399850658753,0.996643859055286,-0.3308522,9.464231,4.663607
43354765,-3.3381069335235,9.57175990941091,0.996789313052539,-0.3444968,9.409122,4.662761
43374771,-2.85539375878482,9.53707877215581,1.1298030705626,-0.3563007,9.358437,4.662347
43395065,-2.42698360181087,9.23356669793814,1.08283028140796,-0.3681779,9.307788,4.661773
43415407,-2.27962884743495,8.69316228663609,0.912381371240055,-0.3798592,9.257042,4.661155
43435732,-2.34872189194987,8.47149276445081,0.776991675823267,-0.3911453,9.204999,4.660778
43459983,-2.40766167395182,8.68995010395988,0.75710083961032,-0.4039298,9.147982,4.658481
43479285,-2.71985129655346,9.12711417525633,0.801090577004813,-0.4156706,9.098873,4.657067
43499631,-2.91648905261088,9.18913553156583,0.917823269397495,-0.4277475,9.046174,4.655534
43519721,-3.16807699947417,8.99441142210328,1.02699412410615,-0.439916,8.993516,4.654117
43539318,-3.22581905573406,9.28411752278789,1.13454441069214,-0.4530261,8.939,4.652853
43563184,-3.13653100651308,9.79359597134941,1.14032845156386,-0.4664682,8.881051,4.651628
43582677,-2.87606788398826,10.1511213229276,0.993728910834947,-0.4788994,8.828143,4.648365
43602060,-3.04298280673204,10.6168133291677,0.929205840347021,-0.4920846,8.77337,4.646369
43612132,-3.1003200700641,11.0981828920923,1.0457003115887,-0.4982651,8.746931,4.644958
43623020,-3.15279122669613,11.5215999248662,0.970832179422823,-0.5046682,8.717471,4.64391
43633859,-3.10247240540439,11.7398844027501,0.968731630506257,-0.5104248,8.690631,4.642927
43643501,-3.11401532865452,11.7685500479422,0.970928073594673,-0.5162058,8.663805,4.642015
43656009,-2.99778461493035,11.7001189946571,0.944800052161104,-0.5220135,8.637022,4.641192
43667008,-2.95859452851506,11.3644868300409,0.870950333306272,-0.5297393,8.602554,4.640335
43686522,-3.04316895674089,10.6807818391664,0.78132339343892,-0.5416274,8.549779,4.639617
43706903,-3.0074737754565,10.3732984383395,0.734064771173481,-0.5531895,8.496394,4.638354
43726521,-2.80697495511138,9.60407783128478,0.625469485894641,-0.5649097,8.443658,4.63763
43746452,-2.69729007848585,8.95300425560253,0.563487566660907,-0.5763588,8.390374,4.636301
43769566,-2.79732995277798,8.47557213400061,0.608811263645529,-0.5877993,8.337175,4.634829
43789561,-2.76579205343862,8.31544005642301,0.715771164371979,-0.6009616,8.27677,4.632859
43809668,-2.70017211551962,8.16214047739479,0.678383237648901,-0.6128097,8.220992,4.629966
43832029,-2.75355167079417,8.20867946566743,0.67060913903285,-0.6244931,8.164727,4.62741
43851450,-2.76359872988446,8.30614060515282,0.715303268527686,-0.6355025,8.110505,4.625769
43874056,-2.82289202864741,8.60689134756094,0.914891245689709,-0.6481346,8.049163,4.624265
43894061,-2.95868098712142,9.22973691769335,0.874186695166773,-0.6591042,7.994687,4.622859
43914072,-2.90322894590589,9.91615971585086,0.938829810756841,-0.6700972,7.94021,4.621776
43934414,-3.19141605436321,10.768755236771,1.03263432843687,-0.6808771,7.886372,4.621224
43954070,-3.43704192990152,11.3407045093775,1.1028972118458,-0.691758,7.831863,4.620824
43967030,-3.45648533101894,11.5265071607507,0.990189920084489,-0.6971657,7.804623,4.619041
43978047,-3.29360081497051,11.4315549215134,0.991797925618305,-0.7046045,7.766685,4.6172
43987770,-3.1102501757604,11.3385519839063,1.06079714410112,-0.7099004,7.739402,4.615584
44007437,-3.10558597579867,10.7889894887532,0.969248791129278,-0.7202221,7.685324,4.614038
44019086,-3.25865413734416,10.5754676094024,0.936203621709098,-0.7251262,7.657568,4.612954
44039082,-3.84224782134174,10.2322745902548,0.968179260243863,-0.735001,7.602116,4.611078
44059744,-4.23392173611902,9.96390394211304,0.980760772669257,-0.7448224,7.546676,4.609272
44082049,-4.19120404390377,10.0863629688381,1.07337481925575,-0.7562647,7.481269,4.608614
44102040,-3.82444826878714,10.5106753990562,1.01371059055987,-0.7657352,7.425882,4.606725
44122623,-3.31992317769313,10.3581950775709,0.944436647735821,-0.7750545,7.370608,4.60496
44142020,-2.42698756309227,9.69179353526985,0.867811486574572,-0.7840688,7.316133,4.604054
44162507,-2.10515858521454,9.01137410151231,0.773451138080021,-0.7932053,7.261165,4.602217
44186852,-2.22434138866724,8.59705057754171,0.659072103782172,-0.8025895,7.203603,4.599981
44207414,-2.60014447873947,8.53333042063574,0.621003241952298,-0.8118027,7.141494,4.598081
44227058,-2.48682280714937,9.05423309597449,0.853038402043013,-0.8199421,7.08608,4.597003
44247095,-1.88845051678101,10.4384182980954,0.886453132916874,-0.8281252,7.029552,4.595475
44266905,-1.67632126575701,11.4157838876436,0.92432115372066,-0.836076,6.974222,4.594641
44276968,-1.78384804931895,11.4918251842086,0.830801212796932,-0.8401555,6.945998,4.594014
44290070,-2.25590465490675,11.4225139422966,0.80780656121546,-0.8457312,6.907093,4.593256
44310699,-3.18358117221401,10.4936057179908,0.91841041858513,-0.8535898,6.851049,4.590181
44330995,-3.70148868277333,9.80534749690722,0.902246042204789,-0.860993,6.797905,4.587316
44350071,-3.86747230172558,9.0826956858533,0.891237292812811,-0.8686735,6.740132,4.585959
44370688,-3.46767464596949,8.76980949332232,0.903239846454415,-0.8761089,6.684377,4.583296
44393739,-2.97933326507347,8.89719022954429,0.898751057772165,-0.8843344,6.620671,4.578911
44414866,-2.07037105808637,9.55352090910289,0.782812035613271,-0.8916168,6.561734,4.575058
44435442,-1.9887831467034,9.58073752770676,0.767464718659326,-0.8982069,6.505062,4.57187
44454887,-2.827041251846,8.80956528250908,0.750411639122156,-0.9047682,6.449511,4.570354
44474957,-3.27856534633994,8.44318409221144,0.777058258222862,-0.9111996,6.393013,4.567734
44499059,-3.11896528039002,8.45344711186453,0.877733804292438,-0.9181879,6.331161,4.565108
44518072,-2.75893150450505,9.03571676253212,0.905919501769052,-0.9245774,6.272905,4.564089
44538056,-2.49868688988033,9.52160437130037,0.75754570215768,-0.9307846,6.216719,4.561915
44558527,-2.32276155731106,10.1262282196987,0.753167614322797,-0.9369261,6.160675,4.560023
44578092,-2.82004285629396,10.1956174557657,0.734521414612479,-0.9428461,6.105381,4.559418
44590927,-3.01708074523488,10.1041773467606,0.710810663966956,-0.9458806,6.077415,4.55864
44612946,-3.58859231185581,9.622908275991,0.820079737058307,-0.9524942,6.013451,4.557338
44632974,-3.6130028629685,9.01326758091107,1.05257621543254,-0.9586593,5.951353,4.556566
44653581,-3.4917226041543,8.89755060526972,1.05025997248048,-0.9641125,5.894861,4.555806
44673003,-2.53051709944859,9.1944527466378,1.01228436686784,-0.9693452,5.8394,4.555673
44693061,-2.08731872546675,9.48806658099891,0.936393385336652,-0.9746636,5.783165,4.555358
44705928,-2.08044726394001,9.6013637631016,0.899273689767744,-0.9781667,5.74692,4.555397
44726508,-2.38505304088987,9.76964587915747,0.823173760107665,-0.9831066,5.694036,4.555929
44745966,-2.90353533254063,9.71576095227102,0.787406453104963,-0.9879805,5.639113,4.556555
44766443,-3.04810629028325,9.55765622480136,0.882840952808668,-0.9930356,5.583645,4.557064
44785981,-3.40267375135982,9.32401464996138,0.884912055476812,-0.9976972,5.528786,4.557694
44809465,-3.42609478357565,9.08190676409604,0.781583115147555,-1.003434,5.462593,4.558321
44831011,-2.86311480320461,9.05378433762463,0.766206619199884,-1.007105,5.405567,4.561112
44850969,-2.45745979407495,8.99788412508929,0.870635807661661,-1.010747,5.348894,4.563669
44870995,-2.3149411767679,8.80268665541812,0.756109390418691,-1.014418,5.29356,4.56525
44891642,-2.19991762222853,8.77000075279673,0.824372634689438,-1.017874,5.237193,4.567614
44914003,-2.07736712977536,8.87818276049301,0.953236821532451,-1.022182,5.169982,4.569185
44934703,-2.26389708466039,9.12364943761404,0.902202507096129,-1.025601,5.11383,4.570564
44954714,-2.39785350977459,9.29673479883622,0.911122956060155,-1.02896,5.058615,4.571482
44974083,-2.56023774903782,9.34295990162317,0.899938556720944,-1.032217,5.002586,4.572673
44994100,-2.56470954885988,9.2093858180828,0.875559499517605,-1.035375,4.947406,4.573411
45017741,-2.76803215611108,9.12244797162056,0.594268338607065,-1.039025,4.883248,4.574428
45039478,-3.07862583646679,9.19759126247957,0.620389828285241,-1.041534,4.825905,4.577544
45058888,-3.01180955619325,9.38228002892097,0.610211965848716,-1.044233,4.770157,4.57884
45078895,-2.87147851470487,9.76032221825612,0.751718803954184,-1.046839,4.710358,4.581407
45099411,-2.59695283252571,10.0337467736123,0.726579691441209,-1.049173,4.656164,4.58375
45122704,-2.39309451872237,9.91753129252859,1.01002626570017,-1.051873,4.591265,4.585813
45141924,-2.05735420220205,9.14992392513768,1.03632672498748,-1.054101,4.5356,4.586759
45161809,-2.16488866469521,8.80462482864493,1.00859532261931,-1.056355,4.478846,4.588437
45181810,-2.68878459206601,8.67532585055303,0.930026475806602,-1.058445,4.423017,4.589299
45202004,-3.33274792609191,8.95948233821318,1.06716570768554,-1.06054,4.366281,4.590816
45226858,-3.77579777069413,9.38426774405847,0.968538363259488,-1.062754,4.301466,4.592814
45246602,-3.93543704902742,10.150323594646,0.993789365723677,-1.06404,4.24697,4.5955
45265979,-3.85261924675693,10.6261056401904,0.965951124117671,-1.065266,4.188416,4.597103
45276728,-3.68596800302211,10.8510732456902,1.09759087824042,-1.065722,4.16277,4.598405
45296623,-3.18872473320397,10.8278526660197,0.966166098902603,-1.066721,4.105982,4.600941
45316077,-2.81427706123884,10.6828496672827,0.899002968894592,-1.067744,4.050294,4.602421
45330441,-2.64496208714626,10.7442475523584,0.882784024004511,-1.068345,4.013776,4.603645
45349093,-2.42753173774261,10.6284556269783,0.892334189724412,-1.069385,3.951818,4.608123
45369756,-2.46070001398765,10.3542127008617,0.923165921045303,-1.070319,3.895493,4.612063
45389873,-2.72330587447443,10.2965310664628,0.958093781118262,-1.071122,3.839852,4.614169
45410504,-2.77006055613744,10.1336605452416,0.880203482710758,-1.0717,3.779565,4.617834
45434985,-2.9483434739887,9.83673620607007,0.935345028205164,-1.072024,3.718195,4.623307
45454471,-2.99550967968114,9.73371977184363,0.912209296278988,-1.072574,3.656207,4.625655
45474745,-2.79636663098405,9.65034050858957,0.954063350454803,-1.072982,3.598099,4.630007
45494482,-2.23558889888602,9.31673618952779,0.91147727873662,-1.07337,3.540213,4.633894
45514031,-1.83086932048613,9.13208187161685,0.955129132103535,-1.073892,3.483812,4.635339
45538086,-1.42816203141265,9.14710721067074,0.998206719235035,-1.074437,3.420609,4.638268
45557088,-1.65725466356031,9.28168095556262,1.09476638441218,-1.075014,3.357767,4.641141
45577072,-2.01034772808269,9.18054133987419,1.03887330644358,-1.075567,3.30161,4.642002
45597706,-2.5223354396601,9.22687994804158,0.98315835428132,-1.076215,3.244541,4.644372
45618353,-2.99285616215437,9.12359897308165,0.817145776398344,-1.077037,3.183547,4.647025
45631094,-3.28467032071545,9.13520015079125,0.755371311189062,-1.077468,3.153875,4.648679
45651441,-3.25214509099118,9.06264866988424,0.699853146484871,-1.078236,3.088458,4.649716
45671293,-3.13716673694231,9.1992168767303,0.641883028865771,-1.079174,3.029566,4.652727
45691930,-3.26682191788457,9.31491380075907,0.742186818604762,-1.080011,2.97108,4.655509
45711363,-3.12574820419619,9.26412659046788,0.903157507782982,-1.080552,2.914632,4.656188
45731966,-2.91296834247424,9.22065313393432,1.00979214655784,-1.081213,2.856804,4.65849
45745947,-2.81180374624301,9.21023548946945,1.03098915987837,-1.081513,2.825342,4.659412
45764924,-2.19391441122646,9.041088782467,1.02036817632255,-1.081975,2.762822,4.659805
45784933,-1.98702607468979,8.95505392603285,0.994337723370859,-1.082129,2.707379,4.659307
45806894,-1.91185263463438,9.07670870385095,0.924780719782173,-1.082486,2.651001,4.659358
45826078,-2.35644380478665,9.091154053967,0.799684070812476,-1.082098,2.590543,4.660069
45839449,-2.54605036242355,9.11244916590821,0.626820526067531,-1.08192,2.561835,4.660363
45860012,-3.23399961127509,9.14868736690964,0.68185920111745,-1.08143,2.494151,4.659669
45879549,-3.61338421653667,9.25427240159662,0.752799561184987,-1.080832,2.439352,4.658794
45899942,-3.95564104505099,9.69247867405898,0.757937994657687,-1.080233,2.383414,4.658216
45919687,-4.08091475592282,10.5928825872907,0.836566589029666,-1.079456,2.329311,4.65742
45929767,-4.03731253094436,11.0436697262144,0.841746299144512,-1.079088,2.301747,4.657175
45939701,-4.04331724703312,11.3729825574071,0.922938382970746,-1.078672,2.274307,4.65702
45954034,-3.89801373006068,11.6818516843303,1.07438268114828,-1.078133,2.244441,4.656968
45963679,-3.6207872508455,11.780860335022,1.0197413092951,-1.077545,2.212237,4.657871
45973047,-3.42899378726448,11.9780555026595,1.18802855315117,-1.077004,2.185361,4.658766
45983713,-3.32472419844877,12.0109757044567,1.06966130816214,-1.07642,2.158579,4.659726
45993001,-3.25436652818339,12.1260757679454,1.16899787821228,-1.075695,2.133003,4.659472
46003143,-3.13150975934826,12.1314065280762,1.10358493323605,-1.075094,2.106478,4.660373
46013787,-3.17062731567734,12.2412059016797,1.00606908322838,-1.074369,2.077544,4.661255
46024587,-3.23668382435944,12.2735097782328,1.02738955310819,-1.073804,2.049732,4.662616
46034760,-3.34002023546528,12.2065335147714,0.896172030781199,-1.07314,2.019605,4.66393
46048871,-3.38438667791075,12.3264759392015,1.01906493876912,-1.072392,1.989738,4.665335
46058410,-3.3812970550692,12.0267494700424,0.836020501220418,-1.071716,1.959903,4.666018
46067717,-3.48934464621592,11.9451859139261,0.921630027094496,-1.071095,1.932619,4.666487
46078068,-3.48434995605468,11.7243678957291,0.784008580944586,-1.070466,1.905589,4.666819
46087550,-3.28488553794812,11.4047648956277,0.756934976959958,-1.069546,1.880602,4.666246
46108032,-3.09915287196654,11.0379170031981,0.862051855675221,-1.068137,1.827257,4.666645
46127887,-2.02759935118231,9.61393670032088,0.835813364907581,-1.066666,1.774624,4.666667
46147520,-1.53224792499958,8.74999968113026,0.869162700356311,-1.06499,1.724223,4.665568
46160905,-1.59453823749761,8.74378232544276,0.990714826815616,-1.063926,1.691215,4.665066
46181071,-2.19177455340092,9.04770947172051,1.05704426945489,-1.062318,1.6401,4.662439
46201098,-2.82617300618382,9.54599183629066,1.19103199995031,-1.060627,1.589693,4.659673
46222047,-3.03919948186313,9.7245394493706,1.15289929093831,-1.05827,1.537635,4.657525
46242188,-3.2994319065178,10.0372736797602,1.13980474312969,-1.055911,1.486111,4.655844
46265945,-3.23844082522129,10.234584174956,0.933450108285963,-1.053118,1.430747,4.655008
46285439,-2.89117498029332,9.98937013380753,0.799453491576971,-1.050412,1.383511,4.654428
46305177,-2.7621855203249,10.0023711150591,0.691060742283704,-1.04751,1.336505,4.65364
46325441,-2.81997254122123,10.6263726890734,0.677717781413827,-1.044476,1.28829,4.653432
46335442,-2.92497426765862,11.3667402671758,0.773689038154115,-1.042967,1.264447,4.653368
46344985,-3.12745622171063,12.0155129363198,0.754689734589101,-1.041417,1.242403,4.653021
46354852,-3.25977901965429,12.5130899095661,0.800419437374803,-1.039685,1.216656,4.653012
46367889,-3.4874610326226,12.9418114851973,0.863703774368277,-1.037834,1.18903,4.65296
46377996,-3.70069315909618,13.2745615829886,0.855462673312113,-1.036246,1.165965,4.654045
46388021,-4.27041206200244,13.7677053363288,0.908554599793153,-1.034496,1.141,4.655067
46398072,-4.51073081778322,14.040600621002,1.02171646962526,-1.033,1.120465,4.656131
46408349,-4.74122161824953,14.0848664749351,0.913389389179146,-1.031367,1.09797,4.657159
46420626,-4.9422207663765,14.159559516577,1.06908122302815,-1.029752,1.072371,4.65841
46429089,-4.94499115145768,13.9897509384423,1.0703620745109,-1.027907,1.04935,4.658285
46439098,-4.75967317775695,13.3832592009998,0.963275729713106,-1.026418,1.026254,4.659412
46449136,-4.5309723416199,12.865600593809,0.904642483434854,-1.024929,1.003465,4.660487
46461900,-4.45226946400704,12.5826375162015,0.958089309433186,-1.023392,0.9808494,4.661438
46471968,-4.13156018105058,12.2479206605706,0.820064643517292,-1.021326,0.9521931,4.661973
46482537,-4.04837761409038,12.121303519187,0.923945903358346,-1.01983,0.9300969,4.662598
46491980,-3.05533224207829,11.6401739031788,0.783789403501624,-1.018283,0.9082182,4.663182
46502711,-2.43372344626804,11.261721570227,0.683945785705077,-1.016743,0.8864507,4.663719
46522043,-1.46371051577077,10.8579244482033,0.624968393206838,-1.013481,0.8452489,4.663723
46542489,-1.1076726431986,10.4394461195665,0.649033880256572,-1.010375,0.8031601,4.664395
46564994,-1.18284737133474,10.039839975301,0.730774827372545,-1.007354,0.7617315,4.664582
46585412,-1.35988769561287,9.93387089062564,0.864718467572034,-1.003808,0.7185449,4.663163
46606686,-2.37002188832325,10.6170828610335,0.953678997036355,-1.000012,0.6732459,4.662383
46626888,-2.86511308948924,10.8075804645955,0.733828853832929,-0.9961837,0.6309898,4.661966
46646689,-3.2024243510748,11.2873036587998,0.754991831489798,-0.9925665,0.5921499,4.661057
46656781,-3.18300020208414,11.5699131216464,0.747800823501317,-0.9906451,0.5716844,4.660846
46666707,-3.23073617500343,11.7016225949973,0.779781823775391,-0.9888144,0.5515672,4.660715
46680858,-3.02562266524782,11.8168386325613,0.721611752322744,-0.9868084,0.529811,4.660392
46689914,-2.75503113049342,11.7643885975728,0.707642148095376,-0.9847086,0.5082698,4.659786
46699614,-2.5092454424203,11.6995295445794,0.76413799577115,-0.9827391,0.4886578,4.659157
46709799,-2.27956035239034,11.4788104746844,0.859472741419436,-0.9807191,0.46942,4.658575
46719948,-2.25382054623228,11.3251206858991,0.888837523084956,-0.9787707,0.4503116,4.657981
46739978,-2.30499718787521,10.9450451866961,0.94409779831168,-0.9747857,0.4127206,4.656589
46759763,-2.88121127848726,10.5354028648885,1.05345054609337,-0.9710634,0.3775667,4.655391
46784056,-3.55108350115541,10.2690866424303,0.944379288937399,-0.9667354,0.3382431,4.655303
46803093,-4.35769048019889,10.5447137388317,0.657706487456805,-0.962644,0.3028589,4.654244
46814879,-5.06530706918444,10.6473201008358,0.515103326238612,-0.9603927,0.283942,4.653987
46824766,-5.44478332313171,10.9265511308295,0.59180826136836,-0.9576367,0.2631477,4.654331
46834051,-5.80470779733616,10.9231898398587,0.616342937289606,-0.9553182,0.245634,4.654649
46844492,-6.06766129526302,11.1802158608447,0.704664574044832,-0.9529802,0.2283496,4.654938
46854698,-5.99096548756781,11.1422480758775,0.735886074481805,-0.950647,0.2113425,4.655202
46864187,-5.53888634209914,10.938594069962,0.584210620888808,-0.9486227,0.1961716,4.654172
46874863,-5.32746002258238,11.0302989356374,0.657797948249037,-0.946447,0.1809756,4.654419
46888645,-5.19462685257539,11.0183843027002,0.737880596254836,-0.9436905,0.1617006,4.65432
46897729,-5.00866938186678,10.9067535623379,0.975524474098183,-0.9409035,0.1426705,4.654303
46917083,-3.58786176478228,9.88745003306124,0.945064951997973,-0.9361197,0.1111659,4.654679
46937499,-2.87194663726357,9.37018742905938,0.975724294763514,-0.9316883,0.08319581,4.653931
46957835,-2.79576479805253,9.21663022893906,0.800631265121628,-0.9266039,0.05185815,4.653787
46977914,-3.30361919571868,9.42826851134323,0.706355571089512,-0.9216395,0.02270259,4.653558
47000827,-3.46813422534026,9.32270768050474,0.674551974045823,-0.9159459,-0.009452037,4.65278
47022031,-4.05634633211286,9.81315851775167,0.67660885298896,-0.9110476,-0.03587193,4.651738
47041889,-4.14197460610901,10.2896503883988,0.519108246217587,-0.9050419,-0.06560554,4.652366
47061882,-3.86482790658376,10.8239590684233,0.721840765543255,-0.8993016,-0.09313108,4.653034
47072078,-3.74411338335658,11.0076037452121,0.744702703369731,-0.8964829,-0.1065859,4.6533
47081903,-3.5917053120021,11.182855568423,0.91903613687491,-0.8939947,-0.1182166,4.65253
47094778,-3.5374729289446,11.3053656071258,0.893345982824761,-0.8911457,-0.1312816,4.653527
47105190,-3.7669647581204,11.5666407006241,0.944946555723157,-0.8872776,-0.148624,4.654164
47115696,-4.06220168589855,11.6922110197246,0.916730518823579,-0.8844945,-0.1611369,4.655007
47125187,-4.27290344834203,11.7644419028731,0.999034276068246,-0.8817465,-0.17338,4.655781
47135460,-4.34446522251953,11.6642777969323,0.963795689721436,-0.879262,-0.1842594,4.656579
47145842,-4.43059379495622,11.5130972367465,1.00232817377427,-0.8762507,-0.1970788,4.657211
47155523,-4.48696271850186,11.3388041810006,1.00572653686597,-0.8737289,-0.2075139,4.656554
47165333,-4.63555962063671,10.9463437971092,0.969304580673982,-0.8709919,-0.2188366,4.657137
47175719,-4.66220220949715,10.6163047531755,0.967683957177312,-0.8682367,-0.2299449,4.657628
47198031,-4.66299564293554,10.1744443486298,1.07983250687802,-0.8627493,-0.2514805,4.658372
47208970,-4.42218516230607,9.95066814122545,1.05233681958905,-0.8593072,-0.2648981,4.658563
47228948,-3.86265794361986,9.6382749813574,1.12855033842242,-0.8541051,-0.2843594,4.657861
47249982,-3.96959918640601,9.76198987757647,1.25842773095752,-0.8472437,-0.306949,4.658511
47270444,-4.0034141292305,9.94639977558889,1.23045412198821,-0.8408488,-0.3277646,4.658934
47289980,-4.07527837496304,9.9265530788923,1.39232014091805,-0.8351817,-0.346141,4.658052
47313183,-4.1948095361581,9.75027875483513,1.61100451093317,-0.8282653,-0.3675001,4.65783
47333830,-4.18182712468341,9.44981121642204,1.71183178616152,-0.822496,-0.3845497,4.658128
47353587,-3.81462239576915,9.11196540641297,1.68973078151604,-0.8168517,-0.4011863,4.656811
47373187,-3.79824990256507,9.08884856842043,1.76510538845665,-0.8111194,-0.4175218,4.656852
47393781,-3.85316824243248,9.45409843132449,1.51599840793743,-0.8054563,-0.4331889,4.656808
47417033,-4.06584465405706,9.67518744052616,1.19351978960071,-0.7997805,-0.448464,4.655544
47427882,-4.3779977026592,9.78256206953037,1.11449233605491,-0.7958345,-0.457215,4.655727
47447895,-4.94153020101581,9.79850128759004,0.980359850895934,-0.7886645,-0.4728151,4.656073
47468454,-5.11319625970819,9.67120396312194,0.95003870495044,-0.7816772,-0.4875002,4.656303
47487883,-4.92724969048531,8.93929960182297,0.997850804448299,-0.7758544,-0.4999774,4.655541
47508618,-4.59298838575995,8.71468552363066,1.08000663322932,-0.7690185,-0.5131243,4.656433
47520888,-4.42751992933221,8.61142087068039,1.03571762088521,-0.7656541,-0.5193929,4.657205
47541439,-3.55111357203262,9.24234048995625,1.06799672044357,-0.7582176,-0.5327427,4.658534
47560996,-3.14842942481934,9.64691963896872,0.989688194858615,-0.7519946,-0.543355,4.658697
47581472,-3.435593683067,10.2496178236443,0.91948124287566,-0.7450621,-0.554366,4.659825
47601523,-3.60541499476122,10.6921109939857,0.764644622003363,-0.7382504,-0.5645879,4.66094
47626732,-3.59606902842627,10.6587216537426,0.647459027407251,-0.7299083,-0.576104,4.663024
47646340,-3.61295316912649,9.84620896144268,0.490215439053593,-0.7228374,-0.5853711,4.663945
47666350,-3.3773618460898,9.46646584399812,0.540209611654238,-0.7154171,-0.5945075,4.666743
47686938,-3.14691145837992,8.91108479459999,0.665016175847502,-0.7082722,-0.6028192,4.669065
47706353,-3.52304729317493,8.24897311705043,0.661180769522685,-0.7021658,-0.6092994,4.669262
47730985,-3.72935815593597,7.94485081549912,0.55625356941039,-0.6950917,-0.6164138,4.672788
47749994,-4.12462651939883,7.89639850528058,0.442544017072911,-0.6879734,-0.6228058,4.675469
47769991,-4.15707788263081,8.04334611549835,0.381646984448732,-0.682053,-0.6273112,4.675691
47789992,-3.65972215441589,8.43739444622023,0.16208802897039,-0.6756126,-0.6320681,4.677499
47802669,-3.24898098417218,8.6816111026075,0.207794045726091,-0.6714371,-0.6341091,4.678879
47821074,-2.89953914304143,8.99879396412564,0.179578577851063,-0.6650217,-0.636896,4.679256
47834863,-3.08963265813339,9.10461430357154,0.123735628715046,-0.6594055,-0.6390089,4.684626
47854418,-3.68132848797834,9.03529575712856,0.214826612432916,-0.6533027,-0.6409209,4.686479
47874709,-4.10442289607709,8.88076984657867,0.246423677680167,-0.6463699,-0.6426314,4.691959
47894632,-4.52173118090216,8.7353537038937,0.346910449254746,-0.6408509,-0.6435049,4.693526
47914424,-4.8577054361684,8.93388773157968,0.513356468766198,-0.6341382,-0.6439661,4.698026
47936955,-4.36625903933571,9.09667001937163,0.363412779501544,-0.6278477,-0.6437303,4.704905
47957991,-3.73180997158641,9.20600220336837,0.247784262648326,-0.6221433,-0.6437576,4.707228
47978091,-4.20296180389293,8.99498263116091,0.184612162057387,-0.6160893,-0.6434718,4.71333
47997954,-4.69568221380121,9.02812403226304,0.121106868445805,-0.6108863,-0.6425177,4.715173
48018934,-4.69836196449703,8.63237930546824,0.0513498691713411,-0.6039888,-0.6409159,4.720632
48043003,-4.63074097604372,8.23485455242078,0.022683700726424,-0.5963095,-0.6385189,4.725632
48061996,-3.87462775192353,7.9625000150164,-0.088373283355301,-0.589159,-0.6353957,4.732896
48082364,-2.91486158841072,7.54459926227496,-0.260929131287739,-0.5821968,-0.6316916,4.739024
48102677,-2.76356973709351,6.799261657849,-0.299238483401558,-0.577059,-0.6280338,4.740125
48122025,-3.99548656999506,5.7225921107559,-0.267829995620312,-0.5709112,-0.6236601,4.744419
48145092,-5.01956819474928,5.1669493911085,-0.409904410244116,-0.5642098,-0.6176934,4.748729
48165186,-5.56859942948656,5.20144330788081,-0.318791668609975,-0.5592131,-0.6124025,4.749645
48185852,-5.65447071809761,5.58175057199891,-0.249459232256453,-0.5534174,-0.6064849,4.754767
48205207,-5.26509868028343,5.62526672636689,-0.327730188587704,-0.5478202,-0.6001381,4.75901
48226995,-3.86374495727374,6.06803204119467,-0.468504403473252,-0.5410776,-0.592334,4.763777
48249922,-3.42241346916685,6.22892007695157,-0.466523160803644,-0.5354646,-0.5840306,4.76355
48270042,-3.65594945318138,6.28557535588091,-0.574592357481304,-0.5293561,-0.5755247,4.773743
48290618,-4.07450318983348,6.34937441311564,-0.573895549052716,-0.5233729,-0.5666665,4.782816
48310056,-4.32110765856112,6.42533065487056,-0.453971346800163,-0.518385,-0.5577318,4.785002
48330349,-4.151587724781,6.49081767476379,-0.475994687622825,-0.5127581,-0.54796,4.792266
48352921,-4.00602136734376,6.23451012000774,-0.402254847668857,-0.5065382,-0.5357304,4.804238
48372966,-4.3585107129566,5.42023419837613,-0.297177969559177,-0.5021986,-0.5260853,4.808184
48392986,-4.56888595248944,4.45168355074091,-0.414053581214637,-0.4971063,-0.5151729,4.818721
48414053,-4.32644237135777,4.08056823336135,-0.578271564399047,-0.4903661,-0.5008773,4.828685
48434413,-4.19467827108952,3.86524075793786,-0.627834407811434,-0.4853814,-0.4885906,4.831023
48457031,-3.95962047298134,3.87181035043897,-0.64843833346266,-0.479229,-0.4740086,4.844119
48486916,-3.40150650930195,4.55340361698546,-0.716260914325922,-0.4719623,-0.4546168,4.853229
48506943,-3.61392672492972,4.89105064969554,-0.707244026746441,-0.4666477,-0.4401937,4.863086
48527179,-4.16468125177183,4.99051199743778,-0.69116534769848,-0.4615315,-0.4255175,4.871499
48546958,-4.46143566722374,5.0647270302063,-0.722712136162397,-0.4573567,-0.4115846,4.872236
48570014,-4.66031544073365,4.95171247862023,-0.620399783090226,-0.4524533,-0.3955113,4.880509
48590500,-4.85013599533148,4.66346660970014,-0.600805208054955,-0.4479851,-0.379916,4.889823
48609999,-4.96954777939857,4.59289330214047,-0.569253769080344,-0.4442462,-0.3650644,4.890774
48631594,-5.18762972706202,4.69944144373861,-0.522791355856979,-0.4384015,-0.3458195,4.898816
48654661,-5.35303620733767,4.837677194518,-0.631540423703447,-0.4332046,-0.3277264,4.906137
48675200,-5.20950095759271,5.07850234872055,-0.77649595160073,-0.4277883,-0.3071218,4.916236
48695066,-4.79440866548675,5.29707326791084,-0.719628528239493,-0.4239973,-0.2900358,4.917869
48714879,-4.37516667703344,5.51686058501936,-0.729856001749816,-0.4194832,-0.2710854,4.926734
48734875,-4.01040636390077,5.50181441443565,-0.727522197274841,-0.41599,-0.2532494,4.92719
48756183,-3.72962598227907,5.32634859534266,-0.603584007172949,-0.411663,-0.2320962,4.935615
48778062,-3.55524211464425,5.026554362687,-0.505591418600864,-0.4076812,-0.2113147,4.94533
48798773,-3.4649148511665,4.56680614185124,-0.473415966124822,-0.4040736,-0.1911933,4.953799
48829513,-3.85803294911361,4.12732747242881,-0.492882036826605,-0.3985447,-0.1596016,4.957546
48849771,-4.44158397108143,4.18620000598967,-0.533828077592181,-0.3936746,-0.136829,4.964608
48872862,-4.6906150529873,4.10836823934201,-0.511890814993037,-0.3888939,-0.1107807,4.971421
48892774,-4.58222867808066,3.97868432139074,-0.556609638212956,-0.3858928,-0.08914681,4.972183
48913039,-4.22553498746272,4.02169681417423,-0.664993486446452,-0.3819155,-0.06557862,4.980035
48942786,-4.20743652568374,3.91960366942943,-0.741662071369775,-0.3766732,-0.02988188,4.989032
48962797,-4.33076219529343,3.80331779703665,-0.916159227367597,-0.3744434,-0.007137381,4.987412
48985505,-4.34379015947236,3.93469216743793,-0.973662550847444,-0.3712715,0.0205776,4.992163
49008420,-4.19110085015578,3.89795868334679,-0.89070350221206,-0.3673536,0.04578304,4.999301
49038000,-3.61162277322109,3.65691257523924,-0.892161626446466,-0.3604552,0.08549101,5.007043
49067852,-2.76034664672463,3.79290183133164,-0.761975217723467,-0.3560503,0.1228432,5.006237
49090720,-3.12666749423413,4.03153604580892,-0.758600268776357,-0.3525314,0.1515336,5.010531
49110407,-4.44658361978727,4.6711039491189,-0.755623549079844,-0.3509327,0.1766663,5.009855
49130345,-5.80560048702767,4.97733474302781,-0.691023111233105,-0.348364,0.2034432,5.015941
49150820,-6.92419323476635,4.88923517147657,-0.586184486904229,-0.346201,0.2303646,5.02081
49170187,-7.47505849315903,4.38448710498281,-0.481067624414386,-0.3453522,0.2550848,5.01904
49193809,-7.25963346678492,3.79187043880934,-0.418112494447331,-0.3437379,0.2875688,5.025517
49215442,-5.98523972738559,2.83774531060067,-0.340934124114267,-0.3398463,0.3181041,5.032323
49244932,-4.65352134718692,2.46303401829009,-0.22870926786779,-0.3367155,0.3605794,5.034386
49275747,-4.48825614436345,4.00156369353956,-0.0115982199331732,-0.3324166,0.4049106,5.041106
49298459,-4.69074106318548,4.63633285265926,0.087366582312637,-0.3300829,0.4387532,5.045039
49318015,-5.79320665144264,4.83852661898796,0.138772815150884,-0.3294703,0.46736,5.044121
49338063,-6.26994908773763,4.79584555973488,0.0641930478675635,-0.3276113,0.4976089,5.049623
49358791,-5.5601647547636,4.48696515262322,-0.200227146034666,-0.3259913,0.5280485,5.053803
49378061,-4.61080186110626,3.9472302601411,-0.379914606645698,-0.3258174,0.5574955,5.051126
49401032,-4.35953809277242,3.59857135281314,-0.341713187675621,-0.3247187,0.5925605,5.056875
49432008,-3.44080973573597,3.49287090847588,-0.206799794232431,-0.318676,0.6437173,5.063528
49461816,-3.52375351576409,3.56382707345295,0.178524336686638,-0.3159446,0.6916736,5.0618
49482489,-4.38311489043573,3.78177759606754,0.449746480850712,-0.3130195,0.7250161,5.063489
49504943,-4.94384611295988,3.87056184782871,0.357940591207436,-0.3107911,0.762962,5.064292
49524964,-4.89007407543979,3.82398727006974,0.303822090480654,-0.3104782,0.795018,5.060886
49545041,-4.71321079193555,3.75494214326862,0.113330338911336,-0.3086537,0.8304328,5.06241
49565377,-4.73687290517134,3.50596103499854,-0.100799569358753,-0.3070661,0.8629161,5.063813
49595995,-4.46094961486877,2.9297567649317,-0.156991684888753,-0.3071271,0.9161219,5.059807
49618967,-4.95833831738654,3.05297262096504,-0.0803216684758014,-0.3051394,0.9546701,5.061641
49638920,-6.45998443638225,3.26088435934476,0.102420913523165,-0.3019129,0.9908636,5.06345
49658858,-7.11144399131396,3.05760047269286,0.222742658315824,-0.2991959,1.027111,5.064353
49678846,-6.69210459366475,2.43186044434583,0.223692317161118,-0.2991981,1.062048,5.059857
49701872,-5.63129953364465,1.62505698062288,0.183892083952905,-0.2976218,1.10393,5.058382
49731783,-4.06754754376631,1.71268949910729,0.0243954544602365,-0.2954973,1.161145,5.061635
49761961,-3.87425468349531,2.75142800271694,0.084514692546574,-0.2957335,1.213919,5.058754
49782541,-5.03390110961038,3.47167840650893,0.353304196204064,-0.2952038,1.251386,5.058906
49801874,-6.3598493432314,3.98340554297438,0.628401463695925,-0.296553,1.287938,5.054003
49826188,-6.6577421939914,4.00388378058433,0.789052928456833,-0.2956404,1.334618,5.052739
49846351,-5.87954070059698,2.91346255571317,0.885182344333328,-0.2930251,1.375585,5.053951
49876842,-5.25837772159135,1.91033476997196,1.01078455427267,-0.2903145,1.438868,5.053388
49909014,-5.50854215724317,1.39421549997051,1.18287396522187,-0.2910638,1.502418,5.046839
49929646,-5.55439191116548,0.886959629410997,1.26915104381694,-0.2901497,1.542231,5.047115
49959075,-5.81641221952823,0.0615171942563586,1.36448642537022,-0.291516,1.603555,5.041761
49988993,-4.58977534637811,-0.411267515786248,1.22836860332811,-0.291513,1.666862,5.039306
50024064,-4.14454252647163,-0.597956353539665,1.29485345631462,-0.2886595,1.743817,5.037837
50054185,-6.47111528554619,-0.40656242896903,1.32568792206016,-0.2885541,1.808747,5.032796
50074418,-7.787152811881,-0.509750602326717,1.27407393282859,-0.2870817,1.853614,5.031656
50094445,-7.74808127016298,-0.886507356114176,1.3461043433959,-0.2879198,1.894474,5.026965
50115793,-6.6429149094143,-1.75942013596173,1.26612315432957,-0.2870189,1.943592,5.025
50137063,-5.41357266025346,-2.42252108927843,1.43739660531243,-0.2861586,1.990732,5.023838
50177058,-0.680013161322076,-3.39623474333906,1.59135310033206,-0.2861862,2.081177,5.016768
50209807,-0.0025183911772241,-4.48969050101842,1.76766921948699,-0.2849953,2.148525,5.013734
50242513,-0.214651429165166,-4.54223671949488,1.60640317632711,-0.2813776,2.226159,5.00906
50272011,-1.34416516060402,-3.73559029854758,1.22124386785502,-0.2786993,2.293446,5.002462
50312951,-3.51675064882819,-1.7739097442674,0.755540942693493,-0.2721236,2.384682,4.996981
50344995,-4.00446936190476,-1.58432085175362,0.855929559820786,-0.2696661,2.456801,4.990301
50375438,-3.1823262291719,-2.88600644248111,1.05304599458973,-0.2652878,2.523708,4.98669
50406387,-2.13862146296839,-3.73596912520698,1.2370500763862,-0.2614591,2.591769,4.97961
50440789,-1.85654079427874,-3.07026771776259,1.10100097856832,-0.2537289,2.667097,4.974149
50479985,-2.4307292550441,-2.01608136870882,0.869513946815249,-0.2464008,2.75558,4.967427
50520076,-1.77716052836361,-2.53996893486363,0.937687895751426,-0.2395943,2.843128,4.9596
50562923,-1.0935975361844,-3.15568551242323,0.919343845935743,-0.2316555,2.937755,4.953943
50613891,-0.726119223498634,-2.53192634850468,0.716270509243737,-0.2231892,3.046925,4.944414
50667035,0.49070430645105,-2.38381052381907,0.926910681782662,-0.212348,3.166983,4.933081
50717079,0.421415681522529,-2.23261042874338,1.11773904647586,-0.2036124,3.27799,4.92302
50770031,-0.958618555747561,-2.35042788838947,0.831700725385925,-0.1959531,3.394193,4.915896
50810052,-1.8808808589213,-2.82065537581438,0.808020886856841,-0.1928586,3.481761,4.908414
50844085,-2.37814394343484,-2.25055548141264,1.01996266591812,-0.1865426,3.556149,4.903391
50884523,-2.19955933490059,-2.33078870089006,1.14842663672113,-0.1825717,3.653511,4.894546
50924323,-1.62426289429945,-3.48235387010394,1.19741390250067,-0.1804318,3.74479,4.885799
50957976,-1.81973863506073,-4.04406806207866,1.17380309947681,-0.1792302,3.821311,4.87872
50987183,-1.7068457866087,-4.2977571940145,1.10416853984071,-0.1804103,3.890041,4.871199
51018852,-1.00052010874202,-3.77528466442558,1.10325499164613,-0.1788978,3.96083,4.864928
51070985,0.651233590018623,-2.24242296597909,0.958271838551291,-0.1806605,4.087078,4.853788
51120992,0.422664252316415,-2.14169504875997,0.975845685362478,-0.1850953,4.2097,4.843585
51164601,0.544675042204056,-2.44124105493943,1.05933085925411,-0.1900355,4.314287,4.835674
51215921,-0.566535746959523,-2.21949937718066,0.951743579809648,-0.1984858,4.442785,4.826471
51268969,-0.665153599012205,-2.32242266793149,0.865737216360532,-0.2054317,4.574399,4.816802
51318933,-0.686783533581361,-2.22103621568731,1.04612671307537,-0.2139703,4.699233,4.807666
51371801,-0.145982308591514,-2.41171203524669,0.89771022446633,-0.224803,4.835038,4.797502
51423038,1.48550464039069,-2.43478180238105,0.659149372653229,-0.236368,4.961343,4.787936
51465936,1.73058086068734,-1.98075987171453,0.806886863916474,-0.2438472,5.060893,4.78068
51516016,1.81904698785537,-1.81211671520295,0.70664333257985,-0.2562054,5.196083,4.770158
51566043,1.83234445162634,-2.06720653768959,0.535458320370969,-0.2688305,5.323726,4.76052
51620992,1.57555940754161,-1.45472760798119,0.53961850572131,-0.2810828,5.465436,4.749004
51673897,2.26577228805528,-1.16049320530255,0.618312747685036,-0.2930095,5.60204,4.738482
51714503,2.99647651747465,-1.14948921994879,0.503348550798422,-0.3012972,5.705615,4.730558
51764678,2.46362240988984,-0.521234998383536,0.287613780169579,-0.3143493,5.833851,4.721627
51828970,1.85653055744008,-0.699575395665242,0.171975379502372,-0.3301969,5.998167,4.713394
51883097,2.34360161522443,-0.449007140596017,0.220939891714764,-0.3421013,6.132408,4.707403
51932079,2.51379674063193,-0.201933975138687,0.348667959814467,-0.3554683,6.265837,4.703364
51972779,3.36414074032408,-0.185114007401795,0.695506229734223,-0.365627,6.368392,4.701079
52007082,3.78099294443795,0.232795881857611,0.92502801617568,-0.3729249,6.45593,4.700496
52047438,2.85534222658381,0.908047158773184,0.852805093310672,-0.3823263,6.558319,4.69913
52100331,2.55523474470127,0.961676216817964,0.606608746753716,-0.396574,6.695557,4.697951
52140902,2.75646497016117,1.49213375311663,0.561049726728103,-0.4063882,6.794699,4.698525
52170331,3.37843485054284,2.05166501568596,0.56561957354666,-0.416595,6.872418,4.697419
52206034,3.5897044441875,2.23166475651616,0.377870668284954,-0.4266072,6.952849,4.697499
52235732,3.80894541504365,2.30311017628398,0.368659203647556,-0.4355868,7.032983,4.69746
52265886,3.6494262481354,2.66473470865655,0.271831010384788,-0.4422922,7.108422,4.698504
52295757,3.3611507365752,3.30659342622335,0.220864131946616,-0.4514628,7.183047,4.697933
52318909,3.39794887245268,3.77870212657399,0.201850985501168,-0.4580722,7.240334,4.698459
52349026,3.04981035974996,4.14979193383547,0.176738410084735,-0.4666716,7.314816,4.69973
52378834,3.02833874320726,4.16363330926643,0.236765463306779,-0.4770894,7.388527,4.699229
52401467,3.14693770804192,4.08398804168839,0.289709576476593,-0.4835036,7.437697,4.699556
52424762,2.89110909536056,4.19366808238899,0.28312580022959,-0.4898893,7.493824,4.701635
52453078,3.51851981525409,4.04162145087289,0.111235426610768,-0.4986791,7.568933,4.703183
52483822,4.13222176211509,3.7333161239065,-0.0146613502337765,-0.5054967,7.641355,4.705923
52516257,3.57480696249894,3.87275185344635,-0.0324907151910682,-0.5161201,7.720665,4.707461
52547020,2.79898140161059,4.2288370999641,0.0624245408450939,-0.5240948,7.79249,4.710244
52576359,1.9197435998638,4.97555935175276,0.240036388837642,-0.534082,7.864159,4.710643
52609441,1.65293370860159,5.02009834468555,0.361322642789506,-0.543,7.935507,4.71192
52641837,1.92154212087457,4.48213868815207,0.549422219862207,-0.5495898,8.017831,4.71605
52671760,1.81233474865353,3.97033380385774,0.454535499638566,-0.5575075,8.088503,4.717417
52701613,1.7829823009875,3.46956903949154,0.326709685054994,-0.5654729,8.156695,4.718245
52734733,2.50487561742312,2.67936664299466,0.126620099802727,-0.5727576,8.231606,4.722557
52774184,3.07482987004758,2.5956768331839,0.239490611765676,-0.5844009,8.327962,4.724086
52804755,3.30703735789621,3.25489477993084,0.328698634812675,-0.5921901,8.39854,4.726223
52830795,3.26306536278851,3.6458517058959,0.372193823950947,-0.5976375,8.45477,4.727612
52859473,2.88540351709383,3.92375481614826,0.463194498659084,-0.6046801,8.527495,4.728431
52889468,2.37181077461045,3.88140463153107,0.384156224490251,-0.6096908,8.600084,4.730949
52924509,1.77529581560195,3.93295804628606,0.216596682515666,-0.6160429,8.675534,4.732534
52953833,1.45790431454124,4.68994562754955,0.0255824009492625,-0.6250257,8.752135,4.731523
52983936,1.83455800834943,4.38605319416731,0.0304705068077942,-0.6319301,8.823811,4.732111
53013935,2.30966119025153,3.88540859558747,0.188993544123472,-0.6409917,8.896389,4.730451
53048496,2.77123593528593,3.18918794525695,0.312987809487404,-0.6476229,8.979657,4.730546
53078086,3.12826215757104,2.94559423364293,0.330238366500353,-0.6542795,9.051512,4.729815
53108847,3.34019316891846,3.30591306173931,0.202614976680874,-0.6585972,9.120319,4.730485
53141273,3.21326368502574,3.69998197567413,0.246136298180426,-0.667472,9.200854,4.730143
53171503,2.63364993944563,3.75834771981767,0.247568516009925,-0.6735845,9.273508,4.731874
53201034,2.22322955750257,3.31616336182692,0.370283235646687,-0.6821493,9.34749,4.731071
53236993,2.20010477163831,3.14285003009684,0.4213614447762,-0.685484,9.426958,4.730516
53266468,2.48664717787568,3.37551586052989,0.45211911809074,-0.6896554,9.504542,4.733531
53295997,3.23974495141214,3.39806948211367,0.397910942008832,-0.6965168,9.57903,4.733664
53326006,3.73041928150451,3.49200958661585,0.367199507499384,-0.7037102,9.653946,4.733324
53349011,3.73119788154127,3.40875692612095,0.349758426292855,-0.7084377,9.711203,4.73564
53379443,3.38487795798949,3.13297169011685,0.358933175152752,-0.7143462,9.786168,4.738669
53409990,2.99553423597292,2.63786770601571,0.461292674934942,-0.7207893,9.864167,4.738364
53444851,2.95879939591565,2.0645284891337,0.535673789537799,-0.7226384,9.942739,4.739296
53483510,2.52810486644594,1.61722754691049,0.570209780828035,-0.7284131,10.04648,4.739281
53523506,2.54943539491776,2.18597186171729,0.396626878657105,-0.7346161,10.14891,4.738488
53557011,3.00060066700904,2.33673349653954,0.338271666184668,-0.7392494,10.23379,4.740101
53587487,3.4200051442817,2.3161013057692,0.260764407478249,-0.7434205,10.31173,4.74197
53618046,3.34635340274606,1.98802683387052,0.189834347095099,-0.7483562,10.39383,4.741127
53651334,3.25000140845622,1.50955790047106,0.0704829344145759,-0.7484195,10.47226,4.741917
53691512,3.34323058858204,0.537989538505754,0.128683362885684,-0.7542669,10.59121,4.742544
53731520,2.97543724125901,0.78433690404118,0.0956114695284578,-0.7595968,10.70082,4.74284
53774498,2.98579608365612,1.14281270382252,-0.0138171905651254,-0.7644252,10.81707,4.74475
53815705,3.54172837470783,1.18709914170185,0.0252844170562836,-0.7700638,10.93277,4.743361
53855932,3.55726630535645,1.30130714614655,0.0309455295128956,-0.772701,11.04599,4.741734
53889417,3.71180627618885,1.77365885355213,0.0316409733285327,-0.7743034,11.13996,4.740753
53918962,3.69658555563618,2.03454779565361,0.0392005346910731,-0.7760064,11.2261,4.739885
53948976,3.51319158802186,2.38009306308026,0.18470051715248,-0.7805668,11.31391,4.737321
53981991,2.99358342298148,2.54174527152796,0.234327393236948,-0.7843726,11.41048,4.736786
54012908,2.91718598471238,2.59306054604289,0.235611452824624,-0.7875505,11.49869,4.735091
54043326,3.54057578317314,2.39405884465086,0.155436313015462,-0.7857224,11.58528,4.734719
54076862,3.84845342060315,2.24541399646544,0.0965261823042405,-0.7859163,11.68146,4.733351
54106490,3.67320483094943,1.88452393351588,0.225185902879584,-0.7887228,11.77002,4.730919
54146426,3.0225780740254,1.67320321308068,0.346557542338826,-0.790155,11.88726,4.728212
54179064,3.17550783760753,2.04179853361225,0.430187523082707,-0.794542,11.98235,4.726171
54209515,3.5703961935777,2.67876831952813,0.291087603364257,-0.7950056,12.07318,4.725362
54240641,3.67282879665362,2.68707517552706,0.311490285563595,-0.7923644,12.1628,4.724719
54274595,3.61709801082334,2.40653496188736,0.352536397243004,-0.793833,12.25395,4.722535
54303744,3.67849381457042,2.03045201375204,0.425759623324044,-0.7930427,12.34418,4.724141
54333026,3.9183270743566,2.16441911221132,0.413098669435957,-0.7954211,12.43249,4.723691
54363781,3.96577626286731,2.45145784952582,0.32544856472708,-0.7962508,12.523,4.725511
54395695,3.93087248457153,2.1648518075475,0.302925509136474,-0.8001754,12.62052,4.725982
54427417,4.20209610236236,1.95893238855439,0.426290771750643,-0.7986715,12.71121,4.728542
54456987,4.53002477692355,2.60218445016018,0.493980076046055,-0.7991971,12.79975,4.728541
54479944,4.42153445886169,2.99972944346391,0.552416851854598,-0.7983765,12.86434,4.729236
54510804,3.61452150679422,3.64904699427884,0.561587304815371,-0.7967963,12.94978,4.732635
54540033,2.97692995836182,3.90423987828187,0.511276457067571,-0.7985876,13.03897,4.732888
54570018,2.89225287391571,3.44376929714333,0.55964715084983,-0.8006548,13.12826,4.732529
54604867,3.38241101610785,3.29139087223862,0.50842175449572,-0.8000826,13.22907,4.734229
54635095,3.84354794150854,3.3615050089976,0.567541467896085,-0.7958615,13.31779,4.737697
54664918,3.56069420381844,3.36818658295037,0.53660293763479,-0.7959322,13.40712,4.738372
54698071,3.21081033080355,3.36997242545951,0.408860113764921,-0.794374,13.50521,4.740955
54727906,2.83332155861816,3.05530232221808,0.432490248777105,-0.795819,13.59459,4.742179
54758433,2.81771626376437,2.8122853208709,0.364408842523244,-0.7955512,13.68368,4.744888
54788929,3.12273708552376,3.06859378681313,0.438124258921548,-0.7984693,13.77599,4.745819
54821852,3.27440134971754,3.29624794945678,0.56964990155306,-0.7965387,13.86765,4.749328
54851777,3.36713506437493,3.46983645685357,0.617858717949502,-0.7971385,13.95628,4.749471
54881509,3.36618891090776,3.54603032171568,0.636485089740496,-0.798557,14.04493,4.749009
54904836,3.7655921075426,3.49814495641792,0.629530781485144,-0.7988618,14.11269,4.749112
54934887,4.27881955910392,3.49430355846436,0.553478948879272,-0.7991298,14.20101,4.751187
54964896,4.39453279716303,3.40379188312112,0.671527972941934,-0.8026568,14.28944,4.750419
54997799,3.99361574866803,3.58906812703827,0.768779992866697,-0.8046751,14.37783,4.75105
55029094,3.17805620544736,3.95045591386164,0.892757996004704,-0.8083562,14.47743,4.750893
55059697,2.94463874354137,4.09221826472647,1.02120176183687,-0.8057811,14.56137,4.753601
55089067,3.05865019400295,4.14103847391362,0.932411553165822,-0.8080921,14.65152,4.753287
55112032,3.05201386040393,4.07726695014271,0.862435991187799,-0.8087404,14.71821,4.755086
55142689,2.8335195394527,3.87424824280545,0.76849237809342,-0.8094637,14.80504,4.757506
55172038,2.54822267870508,3.9786441920817,0.745646356088414,-0.8133123,14.89225,4.757134
55204946,2.57899723340973,4.06257620672605,0.851656229968,-0.8157318,14.97905,4.757915
55237022,2.76257619113797,4.20417962374784,0.950693801495309,-0.8194329,15.07754,4.757877
55267019,2.67364197360821,4.22038897231906,1.05065012297602,-0.8166189,15.16377,4.760182
55297326,2.55295160263773,4.02569349893158,0.999336380973887,-0.8184195,15.25033,4.759473
55329940,2.93041801434367,3.82490862474601,0.861235198121516,-0.8190029,15.34528,4.761357
55360025,3.38623169798316,3.80463209944717,0.797644806894638,-0.8199883,15.43155,4.762682
55389966,3.42633791114325,3.97811948220838,0.759587558855203,-0.8241922,15.5181,4.761472
55412654,3.2019062732478,4.25945788897937,0.757864463997708,-0.8259624,15.57569,4.761467
55434423,2.98512007013754,4.56680482536122,0.798374388022707,-0.825631,15.64754,4.761651
55464674,2.94336683575737,5.02456719566316,0.754728216499482,-0.8275682,15.73393,4.760548
55484620,3.00352911802832,5.19163721380883,0.752057977894825,-0.826776,15.78848,4.760863
55504131,3.14896102902236,5.17057429755814,0.815243939877585,-0.8301093,15.84901,4.758976
55527012,3.07000158820428,5.07581900417569,0.801118864756392,-0.8308603,15.90935,4.75989
55557054,2.77364253981437,4.69951582850765,0.811909460466623,-0.8327768,15.99546,4.760864
55587767,2.52861051231211,4.39592489022219,0.81008691606041,-0.8358617,16.08143,4.761304
55619804,2.36775548138294,4.40479737280365,0.680687104694697,-0.8419865,16.17053,4.759645
55642343,2.57161308259715,4.62697469344979,0.69546084518511,-0.8409002,16.2302,4.761516
55662639,3.01537722122636,4.9235721847501,0.693613834119379,-0.8401084,16.28688,4.763162
55682181,3.16796344563262,5.07859615731207,0.690794234032211,-0.8430834,16.34369,4.762431
55702352,3.15173484462069,5.1427271406785,0.902848950227326,-0.8431461,16.40027,4.763321
55724847,2.97148727579909,4.93494916158311,1.00970282506694,-0.8438007,16.45687,4.764009
55755068,2.63431182301991,4.62897372847284,0.972467522988245,-0.849322,16.55325,4.7632
55785038,2.57853969920272,4.72158259617396,0.960950346296353,-0.8519708,16.63814,4.764052
55806932,2.68333941061299,4.84738056766571,0.783173879255049,-0.8523117,16.69523,4.764277
55827067,2.86881893492563,5.13557028140335,0.77061900376329,-0.8555202,16.75809,4.762957
55849031,2.88979956290256,5.29408835284302,0.785305429237901,-0.8551121,16.81838,4.763607
55869482,2.79018869545361,5.23081159793145,0.896713987224465,-0.8550683,16.87569,4.764012
55899055,3.00088550997061,5.20639074369618,0.842294886689364,-0.8564371,16.96438,4.763867
55919499,3.33947283505385,5.33558961321825,0.880105458418042,-0.860249,17.02137,4.762151
55941852,3.53493109724081,5.34334764274694,0.833855598970218,-0.8628067,17.08713,4.76183
55961722,3.40416610463576,5.40505013501051,0.801296272844581,-0.8647485,17.14435,4.762221
55981679,3.00251924636668,5.30484249985507,0.815385306018327,-0.8691089,17.20118,4.760718
56001921,2.68530374299945,5.03476469958339,0.905460371945583,-0.8716694,17.25825,4.760636
56026061,2.60496459922578,4.81496471252261,0.877937114295458,-0.8709326,17.31847,4.760649
56056810,2.9108667542756,4.95010431476015,0.841494778678447,-0.8718321,17.41579,4.760808
56076530,3.37286373788114,5.09609397507489,0.812438991363562,-0.8751507,17.47272,4.759548
56096822,3.59150955969796,5.21313502617285,0.763605115538861,-0.8758171,17.52998,4.759834
56116520,3.31608466589414,5.23110083066062,0.703690468920884,-0.879423,17.58687,4.758297
56138005,3.02763230568475,4.9483193984976,0.723555112358893,-0.8810158,17.64683,4.758775
56159679,2.95932936709817,4.51927300393112,0.802182576405748,-0.8828244,17.70434,4.7598
56189067,2.76577310468629,4.68208231482779,0.827211093242759,-0.8881246,17.79021,4.758825
56222085,2.80984998927526,5.0664663085608,0.766382174549501,-0.890758,17.88246,4.75904
56244067,2.57351170021419,5.48942625761356,0.779137882704081,-0.8904297,17.94338,4.75904
56264845,2.26473067975619,5.92064605390877,0.698472470033441,-0.8913491,18.01001,4.758372
56284701,2.50870866668974,5.82248411964382,0.664119208826465,-0.8946086,18.06742,4.756431
56304173,3.02527088068515,5.57917136918481,0.744587792328778,-0.8954202,18.1254,4.755788
56324484,3.19193817758492,5.71001533551505,0.769854288771136,-0.8990813,18.18279,4.753675
56345943,3.3743346961039,5.98889060396669,0.704428058208212,-0.9009038,18.24357,4.753335
56367053,3.32964338095171,6.16389632179174,0.701205328859644,-0.9032967,18.30422,4.753835
56387064,3.19268554801107,6.31267958785253,0.687553667802604,-0.9076732,18.36151,4.7526
56408458,2.79359387066811,6.40579979316656,0.651658921117632,-0.9084548,18.41947,4.75333
56428927,2.58000591145418,6.26877441348166,0.639337291875513,-0.907939,18.47785,4.754116
56449928,2.65566184236366,5.75843506820416,0.651550615761841,-0.9114436,18.53819,4.753663
56471366,2.93290016068157,5.33582864723816,0.631825744170596,-0.9124579,18.60202,4.755289
56491197,2.86705137685126,5.13493455956383,0.656512951188739,-0.9134349,18.65991,4.756777
56511374,2.845146495112,5.04016196760809,0.660485753877041,-0.917232,18.71696,4.75597
56531365,3.02745062514915,5.11962142513706,0.683847907518928,-0.9189023,18.77438,4.756902
56554100,3.14840994386018,5.44701796623305,0.653975714876017,-0.9206381,18.82885,4.757548
56574930,3.3198695937862,6.04305432922732,0.659480566363984,-0.92451,18.89707,4.758448
56595189,3.36211908789242,6.49917130597816,0.604409166810289,-0.9290619,18.95333,4.757573
56615048,3.31529441566887,7.02575788858344,0.551796180034237,-0.9301323,19.01274,4.758394
56636357,3.05589898965853,7.13532377735743,0.480408667078467,-0.9293189,19.069,4.759265
56656992,2.83729815272734,6.91798297671463,0.583719420337586,-0.9329086,19.13002,4.758323
56679057,2.53040229882317,6.48345771931992,0.669905244036851,-0.9328429,19.18592,4.759725
56699055,2.4343016664322,6.06275706889497,0.660172679751082,-0.9333449,19.2417,4.760982
56719060,2.80030247585439,5.34532081362653,0.732343230654612,-0.936784,19.29665,4.760355
56739445,3.29816828842459,5.09256155125092,0.690615177566269,-0.9380022,19.35171,4.760989
56761904,3.51116073012709,5.37434036393748,0.556958867587996,-0.9396335,19.40639,4.761308
56782333,3.44894716349158,5.81905290210738,0.410542167094584,-0.9442279,19.46567,4.76041
56802065,3.50477870290513,5.95487153577499,0.396757353422161,-0.9463171,19.51964,4.761065
56823912,3.15868492321435,6.12575277147264,0.287616707832162,-0.9466972,19.57296,4.761409
56843436,2.98927284949426,6.14804122886117,0.292196435656562,-0.9495775,19.63094,4.759914
56866727,2.95390563260777,6.14297650894867,0.455857176328012,-0.9496392,19.6912,4.759512
56886981,3.0603429390076,5.95186114556601,0.515961282011651,-0.9493242,19.74331,4.759801
56906930,2.88878774095157,6.0125218838857,0.509161872987693,-0.952207,19.79492,4.758305
56926778,2.56880350511775,6.17856018226498,0.504764258058132,-0.9525649,19.84625,4.758035
56947019,2.37173388199017,6.36664312643097,0.562611602468022,-0.9534727,19.89716,4.757491
56969673,2.43813880615123,6.30047890801317,0.478731391039339,-0.9549329,19.94767,4.756742
56990050,2.98848015806238,6.1909666120913,0.443744644026541,-0.9577136,20.00528,4.755291
57009821,3.57935179613403,5.96129004066371,0.355802813173397,-0.9617434,20.05495,4.753202
57031934,4.46445564104342,5.77119688600582,0.375121924994094,-0.9621356,20.10425,4.752006
57050796,4.71152818851085,5.54179252621591,0.374350949680031,-0.9613299,20.15552,4.750589
57075025,4.55912387620259,5.5201101264882,0.329466353541114,-0.9613136,20.20885,4.749939
57094085,3.81106176065506,5.79101206147924,0.286980053271589,-0.9643449,20.25939,4.747931
57114631,3.12769630337169,6.39795121019726,0.377491732422952,-0.9645731,20.30714,4.747078
57134689,2.13140280564956,7.52039613275639,0.387961060903083,-0.9652284,20.35454,4.745943
57154361,1.66334865630645,8.07964334339095,0.276454597417491,-0.968581,20.40147,4.743683
57178631,1.54407792809079,8.06676117666534,0.246831295531225,-0.9704568,20.45264,4.741903
57197515,2.00225654425453,7.44976892307659,0.310446893949283,-0.9727519,20.50339,4.741071
57218055,2.5775685729052,7.07645817389626,0.313894149849821,-0.9766441,20.54901,4.739166
57238569,3.66644212725574,6.20074439569399,0.285419062917029,-0.9754871,20.5965,4.738883
57258792,4.02368477009745,5.74354712366885,0.382734346849348,-0.9747444,20.64127,4.738668
57282862,3.50466101822321,5.63034082256295,0.362639741399712,-0.9750749,20.69007,4.739363
57311148,2.24936802062897,5.72069232450272,0.250652825065972,-0.9781625,20.7555,4.738029
57331833,1.98948547946617,5.47259876807408,0.221461306665111,-0.9789752,20.79849,4.737881
57361766,2.51394210439186,5.43706087670873,0.0471939278459715,-0.9831974,20.86209,4.735883
57384022,3.61004733670045,5.57926197917776,0.0766166666553215,-0.9850128,20.90396,4.735167
57404732,4.53166436663873,5.97058286980617,0.0499773537147958,-0.9883614,20.9536,4.735058
57426186,4.43973795178889,6.02384213239304,0.0980611055880355,-0.992443,20.99443,4.733415
57445957,3.34872063177015,5.74937658482441,0.200174248247758,-0.9918376,21.03724,4.733674
57465854,2.08613968876362,5.81948850222962,0.352262685825581,-0.9915,21.07766,4.733743
57489924,1.46783739083607,5.96127113744479,0.360312671857059,-0.9923272,21.12155,4.733897
57509055,1.57970465128641,6.46320788546793,0.347095786646327,-0.9958506,21.1628,4.732108
57529058,1.8963151544739,6.88863613647921,0.326234009813544,-0.9969463,21.20185,4.732181
57549684,2.35571363640598,7.29350359315068,0.388593597620187,-0.9984479,21.24042,4.731952
57569074,2.79689023665524,7.21944474891776,0.317390020807265,-1.002283,21.27825,4.73021
57592844,2.89684944017693,6.93916813576662,0.296777015451457,-1.005008,21.31953,4.729458
57613050,2.79303636469475,5.80571295382536,0.332213215461386,-1.005997,21.3564,4.731926
57642546,2.35390001454141,5.31273355015782,0.225382133265504,-1.009107,21.41227,4.73238
57662924,2.26970440293648,5.44483188196797,0.175688627584899,-1.009568,21.44775,4.734116
57694481,2.4511687533493,5.08929403392351,0.31832146126293,-1.013767,21.50164,4.735137
57725815,2.98829287865674,4.49824925653521,0.425608540837797,-1.016796,21.55622,4.739583
57755518,3.09626899781871,4.48232841427495,0.468844670307455,-1.021806,21.60623,4.740592
57785980,2.4077709652512,5.16338048716235,0.425520613465791,-1.025532,21.65521,4.743329
57808884,1.85511105262511,5.70590768853442,0.45674213976258,-1.0293,21.69208,4.745263
57829994,1.47822367125481,5.96876897524427,0.440243183739394,-1.032461,21.72477,4.745345
57850194,1.56217428131037,5.96165945981309,0.452712032681802,-1.032732,21.7553,4.748329
57870400,2.45854225772774,5.26171476447229,0.468980662253131,-1.033513,21.78538,4.750715
57901489,3.10443382386095,4.41452267438603,0.458525226637781,-1.038234,21.83262,4.751274
57932926,2.79989556190352,3.97399742870827,0.485151547929714,-1.041209,21.87714,4.754579
57963335,2.33823312589398,3.38166389138619,0.496792675625248,-1.046237,21.91911,4.754458
58003557,1.95359405625433,3.13707631244674,0.628165167806911,-1.052957,21.97347,4.754182
58037191,2.44718880125383,3.30517938081241,0.548700741960784,-1.057371,22.01918,4.756137
58067692,3.19995615755765,3.53379993939829,0.517265069121587,-1.058041,22.05651,4.759535
58097503,3.27044408140334,3.60133631385544,0.447624851224737,-1.06178,22.09328,4.759461
58130190,2.51455217140166,3.4348064372698,0.474261834091436,-1.064731,22.13237,4.761465
58170705,1.9745968649183,2.98122024421089,0.491176577005172,-1.070312,22.17829,4.761762
58214844,2.19568161808419,2.72983494316976,0.525708834282075,-1.075452,22.2234,4.764263
58255781,2.36036921038375,2.75728568714984,0.412168033427262,-1.078418,22.26742,4.764946
58294993,2.43594741012106,1.7389445250022,0.362809257825576,-1.081745,22.30756,4.764876
58348515,2.4316712492315,1.17427432085389,0.345114338639278,-1.086065,22.35932,4.766155
58388528,2.42081537227178,1.60367527434276,0.299914177449257,-1.091318,22.39522,4.765276
58432388,2.66863715895394,1.62236727326197,0.454965549559991,-1.098399,22.43437,4.762175
58473081,2.33574598472852,1.53716954774777,0.79339687365268,-1.099725,22.46806,4.760379
58512827,2.78162020720769,1.69345714517634,0.700013520351586,-1.104168,22.5002,4.756789
58556014,3.10720527598378,1.44916911551318,0.168641594067528,-1.108838,22.53345,4.753072
58606028,1.97235452536203,1.35819587624075,-0.0135506748745266,-1.11664,22.57053,4.747422
58649997,2.26334725837566,1.42603205280324,0.185218284642181,-1.118764,22.59852,4.743125
58690064,2.88508135212689,1.20393844094992,0.138266331364831,-1.123251,22.62339,4.738604
58734458,2.82761837010129,0.291944184445713,0.133746845279219,-1.127535,22.6477,4.734272
58783065,2.89381725990191,0.167023164349772,-0.0419204065469853,-1.135773,22.67695,4.728356
58824180,2.9556014845502,0.439630862437178,-0.114452593704292,-1.140572,22.6978,4.724069
58887554,1.94328907129447,0.454431097523182,0.0448466294456778,-1.145821,22.72639,4.718869
58938978,2.45218975902633,0.34241531850264,-0.0434694203673711,-1.152762,22.74779,4.713938
58990910,2.667125303718,-0.325358541029399,-0.154239307801481,-1.159891,22.76714,4.708391
59045487,2.47334139084204,-0.989360857230839,-0.249770749146377,-1.165973,22.78347,4.702804
59085989,3.15488477227817,-0.807203535469553,-0.336287508579834,-1.168758,22.79229,4.698837
59125864,3.43462544991393,-0.494630332260165,-0.352250753661199,-1.173527,22.80108,4.694675
59168217,3.34572798634462,-0.520787349310592,-0.401957089969464,-1.179012,22.80902,4.690521
59208356,3.32378549422862,-1.09143837960764,-0.371422386415039,-1.184019,22.81454,4.68691
59253815,3.26157971857057,-1.32425846621192,-0.456068706518653,-1.185685,22.81685,4.684153
59302370,2.33474726806199,-1.12060923667704,-0.585854253810215,-1.18868,22.81828,4.681018
59353930,2.64665319437882,-1.16701687183119,-0.723901253168173,-1.192345,22.81795,4.677929
59385030,3.64082174172006,-1.29418259153776,-0.755485720441811,-1.194415,22.81644,4.67702
59416180,4.09483765604174,-1.33477770641541,-0.789448877261094,-1.196376,22.81417,4.67587
59446811,3.94885537949257,-1.48529913013526,-0.827962718360904,-1.196016,22.80947,4.676544
59479334,4.00689517156768,-1.45179474638486,-0.840577823026518,-1.197629,22.80509,4.676357
59509661,3.94083781993566,-1.38836222345453,-0.829972408312835,-1.197852,22.79931,4.677228
59539481,4.08473277008066,-1.14157965239616,-0.817049268048997,-1.199205,22.79377,4.67681
59573660,3.83488485653652,-0.926618633721068,-0.85374109155274,-1.199783,22.78692,4.677447
59613006,3.4275592927738,-0.640314347168482,-0.967622080634601,-1.201045,22.77812,4.676912
59654645,3.43563369246032,-0.353253938047822,-1.16545972499518,-1.198229,22.76511,4.678606
59686963,3.61514140116765,-0.322098579700273,-1.14924833534123,-1.197692,22.75493,4.677857
59717023,3.67194029147169,-0.794212063861518,-1.12022360740726,-1.195958,22.74378,4.678481
59746959,3.57570291868928,-1.76181160698992,-1.18417629424182,-1.195134,22.73267,4.67739
59779909,3.5312479895813,-2.61949300956016,-1.30371309773464,-1.193536,22.71958,4.677216
59811042,3.93531062100941,-2.51358010948385,-1.45796296377773,-1.19156,22.70538,4.677207
59841028,4.21223625621607,-2.31883445201788,-1.36929473142261,-1.187247,22.68856,4.679008
59871014,4.64152889074259,-1.93178943052377,-1.25385059648982,-1.184387,22.67233,4.679193
59894159,4.67865235433722,-1.86012885131414,-1.22913961915252,-1.181765,22.65892,4.680173
59924468,4.67481155379827,-2.20174261559839,-1.20233214973771,-1.178167,22.64051,4.682639
59954090,4.73284699302368,-2.3729271618769,-1.35181639351207,-1.175488,22.62214,4.682897
59976838,4.72160604453939,-2.44594793509629,-1.43355692720974,-1.173185,22.60897,4.68513
60007037,4.39642480257194,-1.96095880359519,-1.41007676484999,-1.169953,22.58847,4.687518
60038767,3.88372947788894,-1.40188275813132,-1.39577876886113,-1.16433,22.56579,4.692577
60068027,3.96313075095169,-1.04130670641192,-1.26980651809511,-1.159408,22.5437,4.694985
60100980,3.80553358182481,-1.14885731978437,-1.27656670728977,-1.153295,22.51777,4.699163
60130980,3.74601940151576,-1.66326672259843,-1.28309942413174,-1.148695,22.49426,4.701153
60161437,3.87026166941243,-1.85193214067196,-1.35212660750187,-1.143512,22.46925,4.704335
60192390,4.57496385788136,-1.61281436728925,-1.40956233828336,-1.139223,22.44356,4.70527
60225213,4.65873425909282,-1.56284345114232,-1.2988011278796,-1.132761,22.41358,4.709078
60255025,4.56920062155826,-1.50606115012923,-1.24586092394065,-1.127275,22.38534,4.710038
60285712,4.1283276592213,-1.71225563173187,-1.14890004182956,-1.121139,22.35507,4.712657
60318075,4.48751027619506,-1.81132324110122,-1.20160324592562,-1.115957,22.3234,4.712368
60348624,4.74414729128173,-2.3139865091351,-1.25977502996455,-1.110322,22.29139,4.713547
60378066,4.36588517249136,-2.8141866307877,-1.07406264786153,-1.105708,22.25953,4.712778
60402383,3.80755696478193,-3.0788521562011,-1.00009041937013,-1.102044,22.23433,4.712773
60432977,3.3614992404665,-2.92835915838681,-0.98050088237678,-1.095538,22.1956,4.714909
60463038,3.44786417604256,-2.42058390099416,-1.15779632079056,-1.090321,22.16007,4.715155
60492997,3.71963816833992,-2.29708579074904,-1.49852686066886,-1.08464,22.1226,4.716934
60526821,3.99903150409274,-2.43370008445436,-1.50609929875387,-1.079293,22.08036,4.717565
60556748,4.04210787162097,-2.56565548069816,-1.34979550603653,-1.075589,22.04323,4.716614
60586089,4.27925970503325,-2.39352583615993,-1.10829175269798,-1.072221,22.00547,4.715641
60609095,4.5158503231046,-2.13104119897777,-1.02522501150677,-1.069718,21.97692,4.71537
60640775,4.9574630718956,-2.18800668405318,-0.867898690050391,-1.06416,21.93511,4.714833
60670189,4.98632564525982,-2.40674450379281,-0.874947766540236,-1.05946,21.89366,4.713661
60700940,4.63328252169109,-2.58402996512175,-0.624722164103784,-1.053979,21.85032,4.712785
60724705,4.47034247430499,-2.52192034586185,-0.574829331336724,-1.050501,21.81718,4.711591
60754495,3.92088161027209,-2.59232940899259,-0.559095278770646,-1.046828,21.77435,4.709711
60784100,3.72052632270317,-2.65433530838065,-0.456545695966786,-1.043374,21.73081,4.707633
60817529,3.81944034588783,-2.87278110729231,-0.385369496857265,-1.039165,21.68013,4.705177
60848330,3.96412172746828,-2.84481675693436,-0.209814157050447,-1.032051,21.63004,4.701588
60878491,4.33654394612789,-2.51593514584101,-0.159919626928778,-1.027231,21.5827,4.698374
60908941,4.67130593877409,-2.5592775044542,0.00589210641548656,-1.021418,21.5332,4.695009
60931790,4.81705972893932,-2.53693669861378,0.011182265535364,-1.017704,21.49546,4.692407
60961678,4.89228301682142,-2.53903729176981,-0.0690143445404227,-1.013691,21.4466,4.689377
60991062,4.74075002985716,-2.68024804061407,-0.207405052946911,-1.009764,21.39702,4.686615
61024523,5.22537636706603,-2.7753559348312,-0.247404092544498,-1.004977,21.34101,4.683454
61046036,5.70682831028749,-2.86624858270447,-0.159898019608777,-1.000051,21.30306,4.680103
61066798,5.90059198553851,-2.90071558164772,-0.194922528599304,-0.9953861,21.2649,4.677098
61086029,6.20521921415197,-2.96979726472485,-0.0785291270630938,-0.9924384,21.23147,4.675167
61106501,6.14862971893044,-2.66294412143289,0.0182905606270386,-0.9879943,21.19463,4.672324
61139789,5.12470962066251,-1.42240300139226,0.0171905412882898,-0.9811361,21.1323,4.668952
61169096,5.34866678244472,-1.33339849167625,0.137487692461646,-0.9759902,21.07908,4.666467
61189720,5.97819972333556,-1.34093437577812,0.0380213207018804,-0.9716855,21.03948,4.664528
61209279,6.01933720346609,-1.32330346934523,0.0398877576963225,-0.968439,21.00414,4.663139
61233185,5.7797490668991,-1.99175771017299,0.057603867604548,-0.9626625,20.95632,4.661008
61263818,4.79989486900678,-1.79722827891367,0.105270136943765,-0.9551892,20.89553,4.656872
61303632,3.42836639753762,0.813956270751716,0.355977205651135,-0.9462814,20.81758,4.65273
61336514,6.05777934636839,1.24921623176579,0.460411794216099,-0.9385504,20.75368,4.649014
61357048,7.4905594556174,1.60943698719717,0.668249705885714,-0.9328014,20.70643,4.64624
61376980,7.51627766779254,1.87611436210723,0.811833353280285,-0.9279931,20.66588,4.644574
61398913,6.70150773814038,1.89566392592301,1.02816824464154,-0.9223036,20.62396,4.642119
61418802,5.9373539170147,2.18364095690041,1.2450556446948,-0.9151862,20.57509,4.639945
61441936,4.85377101941135,2.50720015097603,1.40014004077873,-0.9075544,20.52385,4.638857
61471491,4.43040104491049,2.21626101537936,1.07263989461243,-0.8975954,20.45759,4.638259
61491922,5.47644756660243,1.30226495469099,1.01425120337192,-0.8902506,20.41161,4.638001
61511402,6.01923788133451,1.11055836554681,0.697848481650466,-0.8832901,20.3671,4.637458
61531976,6.03398025821873,1.29430848523375,0.477478631070844,-0.8755427,20.32067,4.637014
61554988,5.56809147020989,2.10711395776349,0.38379767627107,-0.8665846,20.26723,4.637413
61574437,5.6063663061472,2.61799977819095,0.44607751422125,-0.8587438,20.22131,4.63772
61594787,5.69679376722605,3.07179377330478,0.620110422720783,-0.8502843,20.17364,4.639162
61616009,5.6724894777412,3.21635609651342,0.827545349701473,-0.8405628,20.12115,4.640806
61635825,5.3181408520305,3.50527482423878,0.978835267756752,-0.8316704,20.07278,4.641037
61658852,5.14148880735396,3.58554798210535,1.09508395857283,-0.8208749,20.015,4.643305
61679046,5.29358474542837,3.73510763525289,1.13924097563137,-0.8112134,19.96406,4.646409
61698932,5.61928900351445,3.80614933521343,1.02637246703154,-0.8016537,19.91444,4.647404
61718871,6.0919835690378,3.88139265642479,0.883639590471105,-0.7916464,19.86285,4.650012
61739718,6.4294626268111,3.93132763743841,0.784986074363908,-0.7815077,19.81117,4.652935
61761340,6.8111166608618,3.7567115281318,0.701668482052012,-0.7704417,19.75554,4.65413
61781301,6.60416391798763,3.7832216053552,0.754550559904707,-0.760011,19.70319,4.658346
61801772,6.37043505511487,4.00638534673929,0.78607159209428,-0.7494758,19.65069,4.662005
61822504,6.17904796072805,4.25330696255503,0.800768414050196,-0.7395034,19.60153,4.663691
61842678,6.20675247080337,4.41253151149768,0.804353161503955,-0.7272003,19.54634,4.667499
61865817,6.27843077755375,4.7735464134136,0.907704650248012,-0.7132449,19.48331,4.671838
61885362,6.44242828870211,5.0423221947687,1.03760442225961,-0.7015802,19.42973,4.673607
61905338,6.4176814514782,5.32029993660397,1.16316105770344,-0.689195,19.37451,4.677557
61924985,6.32157645831257,5.66739378749716,1.29079580559457,-0.6769086,19.31932,4.681115
61945433,6.64885224178769,5.97540119753794,1.24211070587543,-0.6645097,19.26281,4.682153
61959487,6.42395612231015,6.01205150834094,1.20033669267234,-0.6561068,19.22611,4.686038
61979417,6.23550769970886,5.93834315407209,1.02370053519881,-0.6443053,19.17225,4.687222
61998876,6.59739559248576,5.37229159600304,0.740592201798087,-0.6320705,19.11719,4.690713
62020455,6.78028706758048,4.85359774598902,0.479697944408996,-0.6181831,19.05972,4.694064
62040073,6.4959012760295,5.09698093277147,0.605387701756307,-0.6053519,19.00447,4.694594
62061364,6.61603492773983,5.69884123077646,0.701406729182584,-0.5904623,18.94197,4.697011
62083871,7.0889312663006,7.60205116496825,0.740472171084236,-0.576252,18.88241,4.69912
62103010,6.83321638737181,9.53100095894719,1.03385819096155,-0.5635546,18.82734,4.69931
62113523,6.63457016974528,10.2531034338008,1.14211776911467,-0.556819,18.79899,4.700258
62123173,6.36587220532833,10.7532678212031,1.24913505629953,-0.550119,18.7707,4.701221
62132970,6.22442880777047,10.9752878160232,1.2247288178683,-0.5434503,18.74258,4.702093
62143698,6.03911341366249,10.8458051000844,1.32900060774887,-0.5368289,18.71445,4.702985
62152929,5.9793920003066,10.6400063022795,1.35479979383367,-0.5306989,18.68771,4.702311
62165995,5.87336363801468,10.4779685282312,1.39230688867538,-0.5220942,18.65162,4.702921
62186013,5.27760306629587,8.67144189747981,1.45424636992778,-0.50877,18.59561,4.704335
62206504,4.83952794500793,7.45592681610653,1.21642744068179,-0.4953769,18.5398,4.705458
62227094,4.43779422654024,6.86991611377286,0.988804192520183,-0.4808476,18.48116,4.705253
62247654,3.84848941275447,6.75023247069761,0.800313449657652,-0.46502,18.42024,4.706251
62269898,3.38052681618893,6.94199465174305,0.781244902414366,-0.4506949,18.36504,4.707128
62290524,3.34600387108702,7.47383728821899,0.78742764565933,-0.4335595,18.29675,4.706814
62310035,3.08628603091569,7.79879762461575,0.977791772258786,-0.4198205,18.2409,4.705787
62330044,3.40148808471616,7.61564440030527,1.18423637762673,-0.4053731,18.18337,4.7055
62350820,4.1694141494241,7.43104949241094,1.33557252547472,-0.3909816,18.12592,4.705055
62371837,4.44719332922883,7.36630708485312,1.32477594189491,-0.3766692,18.06711,4.703807
62393869,4.55490626224277,7.62410175001104,1.33308796135149,-0.3626009,18.00989,4.703164
62413836,4.95481430952175,7.79610356155927,1.31086592154842,-0.3489052,17.95287,4.7023
62434188,5.05639522803486,8.10062461301389,1.20407004494008,-0.3333178,17.89021,4.700727
62454681,4.63426277944698,8.50357818179347,1.19225559606242,-0.3175433,17.83068,4.700497
62477044,4.39191663236414,8.712176904773,1.17975486570751,-0.3009136,17.76584,4.70019
62497746,4.02347884582624,8.70142243763373,1.12085668872142,-0.2866458,17.70967,4.700213
62517060,3.67463602269459,8.87819834076807,1.0842448710534,-0.2733372,17.65294,4.69875
62537043,3.47194488286366,9.15401246038078,1.1596264458779,-0.2589976,17.59441,4.698556
62557193,3.2133202069138,9.27827460225876,1.02266357989626,-0.2460968,17.53764,4.697114
62580455,2.78370112094514,9.47325470233332,0.933466079656688,-0.2300062,17.46835,4.696235
62600903,2.08055826836802,9.62074444731591,0.84481617899171,-0.216446,17.41029,4.69751
62621804,1.59916004358836,9.58228517246407,0.642733835096724,-0.1994313,17.34735,4.699078
62641780,1.36379740099641,9.44575467743053,0.492593456846434,-0.1856391,17.28964,4.698773
62662174,1.24347274432787,9.29331763115474,0.449068575235534,-0.1698216,17.22984,4.700054
62684043,1.29399532128996,9.18450183618402,0.582896498077219,-0.15332,17.1648,4.700629
62704097,1.71703532839373,9.21394990722802,0.538297353144392,-0.1408358,17.11051,4.700138
62724089,1.98946494666092,9.27351173609913,0.506444771822042,-0.1262607,17.05185,4.700729
62744707,2.0335840031245,9.48165971185256,0.482463343231696,-0.1120771,16.99335,4.701131
62764090,2.35903692145321,9.51927454756613,0.426641715881707,-0.09972532,16.93639,4.700274
62788321,2.32156050627335,9.50879133445832,0.219160004522916,-0.0851477,16.87259,4.700139
62807071,2.21925192431748,9.42943920105005,0.180670088483384,-0.0709537,16.80903,4.700403
62829343,2.17560198766483,9.51661382090641,0.172895663084395,-0.05419442,16.74582,4.701196
62848908,2.13940981437237,9.93945069884858,0.0925750374702017,-0.04106742,16.68784,4.700631
62869095,1.83842777101445,10.4563219021521,0.144617624635204,-0.02563806,16.62788,4.701245
62888925,1.72007369030563,10.3522354958127,0.189651603774642,-0.01307493,16.57015,4.700637
62902017,1.67855195558773,10.2888041653572,0.290350252002044,-0.004310406,16.53203,4.700653
62922051,1.37806219833626,9.94914324244799,0.443423138575173,0.009903577,16.47275,4.698417
62942687,1.2619459758406,9.80942152360565,0.450394578447725,0.0235946,16.41367,4.696154
62962037,1.24202937393269,9.65261467532265,0.422993183562813,0.03495601,16.35628,4.694213
62982573,1.11088706980438,9.67553207735702,0.517842451467651,0.04783398,16.29764,4.691919
62994904,0.968299807744144,9.74403466790771,0.416775548765877,0.05399141,16.26844,4.690759
63015748,0.186740073194452,9.73154025793062,0.257032488378322,0.06777247,16.19908,4.685092
63036946,-0.612026501355698,9.68275195551794,0.0118429310536021,0.07984028,16.1381,4.682008
63056938,-1.3136351136092,9.47570943276563,0.131308543394352,0.09405833,16.07792,4.677988
63077497,-1.34545025844599,9.17504233344869,0.242235337103617,0.1074612,16.01816,4.673955
63096823,-0.664181473693397,8.93341562761443,0.431816982837647,0.1182395,15.95761,4.670911
63109993,-0.143610977702807,9.02936406031968,0.558447337703938,0.1252096,15.92227,4.668815
63130189,1.92619000339073,9.62388149272103,0.586209906057086,0.1373336,15.86331,4.660915
63149979,3.13263560751873,10.3408810707236,0.454947175080847,0.1462783,15.80896,4.656131
63169990,2.91442728721117,11.1882416231839,0.306499262664348,0.1569803,15.75041,4.649227
63180668,2.52526738980817,11.5231971322962,0.179240477712591,0.1620197,15.72128,4.646018
63190340,1.92502022418427,11.8446806311091,0.163007080504221,0.1669027,15.69223,4.643046
63200321,1.15332953437944,12.0626596733108,-0.0108626445529836,0.169908,15.66457,4.642308
63213021,0.73225456695142,12.1790259843116,-0.0519013107631134,0.175382,15.62735,4.639312
63224820,-0.11030229642942,12.0370742653662,-0.0410497369014417,0.1820266,15.59169,4.63698
63234818,-0.502409904558877,11.8637323141041,0.0611767705720539,0.1879031,15.56172,4.634873
63244936,-0.814984325944132,11.6452054988471,0.11060577433869,0.1935911,15.53186,4.632928
63264996,-0.671382064820501,11.1062983169839,0.293388562148219,0.2042294,15.47257,4.629463
63284904,0.345289385767949,10.8273708928783,0.483651998747718,0.2113847,15.41557,4.627843
63305617,1.29681350844342,11.155365444181,0.538214368920207,0.2205143,15.35689,4.623534
63317815,1.48089721503343,11.2592938134917,0.520832205176461,0.2247716,15.32779,4.620798
63328352,1.01180425414013,11.7814131408234,0.63736982832782,0.2290346,15.29314,4.61809
63338256,0.521022027768702,12.153120478223,0.515635260082977,0.2304186,15.26827,4.617952
63348042,-0.0455478687575389,12.5137013828036,0.647004233803542,0.2341226,15.23909,4.615283
63358434,-0.542119571269871,12.7619033525093,0.685568985519209,0.2375596,15.21006,4.612696
63368521,-0.921641096395056,12.9193265763756,0.775985465238435,0.2408428,15.18118,4.61019
63378652,-1.49016973386613,12.4487961404852,0.813809209165053,0.2438942,15.1524,4.607766
63388318,-2.14088829159625,11.9863450574742,0.905527010548422,0.2450311,15.12508,4.607646
63398181,-2.82815620698333,11.4628476433164,0.953816962153638,0.2478526,15.09647,4.605351
63408059,-3.37184546168472,11.2235050217731,1.09692547706672,0.2505086,15.06805,4.603077
63421969,-3.85609433286156,10.9322499618731,1.11753197533805,0.2530424,15.03698,4.600877
63433499,-3.87961337354378,10.494811616507,1.08082064467677,0.2577548,15.00407,4.597932
63452723,-3.98414638448847,9.74637187751499,1.17534305155093,0.2664316,14.93878,4.59254
63472498,-3.73676977700646,8.97152365410055,1.14948490503161,0.2708374,14.88184,4.589994
63492958,-2.66721018036611,8.91307793224716,1.06388712394153,0.2781325,14.82572,4.585513
63512187,-1.54012061422462,8.94379920818311,1.04663846096889,0.2817106,14.76667,4.583491
63525556,-1.45648064777619,8.82774512262433,1.11706684560174,0.2848008,14.7323,4.581496
63545502,-1.71895546694183,8.71573365369203,1.21120608608002,0.290453,14.67188,4.57704
63565781,-2.13525844184506,8.58085771175345,1.33189605628518,0.2954331,14.61465,4.573031
63585183,-2.64431124945474,9.09707097892371,1.34931504562369,0.2975665,14.55929,4.571278
63605771,-3.22095017789504,9.25384952183476,1.23278659083538,0.3017043,14.50253,4.567724
63630705,-3.36008194035013,9.29552803423676,1.27823695010876,0.3088189,14.43998,4.564308
63650539,-2.44683596993397,9.08640202380125,1.16136775391306,0.3116503,14.37687,4.562878
63670484,-2.17248500441421,9.35754218841319,1.16431360826469,0.3177251,14.32042,4.560027
63690811,-2.29887148060776,9.28772167551154,1.16823207521198,0.3231209,14.26704,4.557376
63710394,-2.86762644257022,8.98296691902687,1.39433619975752,0.3250174,14.20992,4.556497
63732954,-2.94905265333767,8.64361750013689,1.27958342752643,0.329214,14.14924,4.554258
63753516,-2.97245874071424,8.4268599734908,1.09096633631219,0.332925,14.09638,4.552135
63772949,-2.71464532413128,8.25804575986372,0.967966600999936,0.3338659,14.04202,4.551376
63792978,-2.77119151587004,8.18483672407635,0.914098158966188,0.3365982,13.98707,4.549585
63813514,-2.90879620474833,8.41674949923104,0.755745921959452,0.3388577,13.93244,4.54809
63839466,-3.29822124841477,8.56411153949406,0.748417806444164,0.3420442,13.87037,4.547685
63858718,-3.3589328985951,8.65321034376762,0.833368072110254,0.3470699,13.81387,4.548291
63878329,-3.4881867937938,8.60730640200224,0.714882035961855,0.3485838,13.7605,4.549274
63898801,-3.58258344753769,8.38767617309896,0.708031732396786,0.352702,13.70709,4.550187
63918337,-2.86735561647922,8.09972116747103,0.62238592983414,0.3535883,13.65403,4.551391
63941478,-2.36602688714988,7.91964424176862,0.545955128782955,0.3563932,13.59316,4.554392
63961855,-2.4077046310549,8.0231540890057,0.48620332999765,0.3590231,13.5404,4.557103
63981537,-2.33406883742015,8.06824490523333,0.424585803816893,0.358928,13.48786,4.558646
64001511,-2.34605508012972,7.98709997984394,0.285693302727682,0.3605399,13.4354,4.56079
64023026,-2.87973297502614,7.91154673501562,0.307624138657105,0.3644142,13.38008,4.563201
64046697,-3.30723612521835,7.82373704945175,0.309668630366843,0.3669918,13.31731,4.565856
64066327,-3.62936298982867,7.57512613329368,0.240513890315465,0.3666634,13.2654,4.567903
64086469,-3.63685590995181,7.42188588835451,0.21695448273324,0.3688196,13.21593,4.571244
64106973,-3.63583435022809,7.36084893494593,0.271792666487665,0.3700258,13.1617,4.574125
64126334,-3.64638644045317,7.34281624782616,0.122633240091589,0.3684177,13.11047,4.575438
64150802,-3.53668348769374,7.41194160859751,0.0412897167580409,0.3684014,13.05683,4.581264
64169466,-3.69856498500072,7.41457680059096,0.0786492939795572,0.3674332,13.00097,4.586381
64189476,-4.36147121618853,7.27332558484476,0.0686848652176839,0.364468,12.95047,4.588588
64209760,-4.81468147988596,7.06016830297819,0.0239053144559326,0.3628378,12.90026,4.592982
64231024,-5.04984302307194,6.7112030833701,0.0751241622727048,0.3633103,12.84817,4.598553
64254844,-4.95115308997009,6.47258262422261,-0.00418057573811311,0.3627381,12.79393,4.605964
64274082,-4.36059635117123,6.56778008873989,-0.170233019505399,0.3597182,12.74425,4.610954
64294884,-3.64666614426082,6.86563690672327,-0.27962227988939,0.358613,12.69511,4.620557
64314455,-3.62623813945173,7.33238939220042,-0.397435024546156,0.3547866,12.64569,4.624958
64334443,-3.66214630882803,8.03893258896141,-0.492054719340364,0.3525803,12.59685,4.633122
64356928,-3.60196090918537,8.31996275072151,-0.515205224827005,0.3497657,12.54827,4.644626
64377790,-3.76776247477452,8.25501150906295,-0.500082372147372,0.345004,12.48996,4.654774
64397430,-3.82473106899542,8.06823202193319,-0.430190677724107,0.3396689,12.44129,4.659372
64417813,-3.1904528690364,7.91608617767218,-0.521502016889529,0.3353633,12.39321,4.668139
64439096,-2.55550677753972,7.70831903432392,-0.590472780147899,0.3328145,12.34046,4.677614
64461996,-2.56408232705665,7.79187610981213,-0.474288848780201,0.3270208,12.28741,4.681337
64482626,-2.52139771925898,7.85477396433342,-0.468472672794735,0.3239853,12.2399,4.692023
64502480,-2.61991449590689,7.80284002393333,-0.545166475886917,0.3201722,12.19256,4.701503
64521993,-2.93270205578889,7.73146620575303,-0.542501781490792,0.3139969,12.14487,4.704996
64542691,-3.26102460721548,7.59525010661413,-0.592734703099199,0.3091746,12.09789,4.712658
64566831,-3.36779504168128,7.34742532449009,-0.739171252336936,0.302874,12.04637,4.722294
64585100,-3.87403671517578,7.36700067656733,-0.681459411593311,0.2953224,11.99994,4.725789
64605718,-4.09868406908421,7.61472456845144,-0.754662292491096,0.2888143,11.95439,4.733847
64627008,-3.99581618680256,7.71118556010557,-0.718546649267151,0.2832422,11.90722,4.742548
64646833,-3.9427873168069,7.7649631609384,-0.754544738662945,0.2754951,11.86159,4.74521
64670807,-3.91225019682167,7.78765730297968,-0.868835743335178,0.268752,11.81459,4.752368
64689478,-3.5168149015835,7.47328491441278,-1.06747351188214,0.2608807,11.76539,4.761913
64709842,-3.25825842403899,7.01682412153013,-1.15883196585029,0.2534708,11.7208,4.77058
64729462,-3.60703981528631,6.98990354912845,-1.23248082416701,0.2441817,11.67554,4.773021
64749474,-3.8819528508442,7.39016930822915,-1.22154996307612,0.2357976,11.63093,4.780089
64773857,-3.91916000879642,7.84118029577755,-1.06558314817497,0.2263877,11.58404,4.790288
64792174,-4.29023203279245,8.19524493736225,-1.0098189479792,0.2162629,11.53882,4.792338
64812713,-4.61949103740116,8.53998343615597,-0.818829833784967,0.2074594,11.49659,4.800102
64834356,-4.6354293996615,8.65982110463377,-0.782057107922955,0.1984378,11.44703,4.807729
64853760,-4.35282666060209,8.83143584185329,-0.704854138290641,0.1883701,11.40161,4.808987
64866381,-4.35648769589806,8.82074700187962,-0.678324276236547,0.1840557,11.37911,4.814252
64886698,-4.28414905219518,8.96449202813704,-0.568175312103735,0.1730945,11.32728,4.823067
64906429,-4.18364003001824,9.14069254672977,-0.391371479119204,0.1635428,11.28239,4.831534
64926726,-4.17997141891049,9.25183260364987,-0.26089820487316,0.1528313,11.23517,4.838684
64946597,-4.32849558415527,9.18425315098981,-0.111067429961137,0.1418896,11.19211,4.839781
64966458,-4.46574920171495,9.13595377546382,0.0536406550275318,0.1316691,11.14937,4.847126
64979034,-4.57295194705136,9.14039204407166,0.100852679067593,0.1242018,11.12005,4.849977
64999463,-4.41237422559687,9.42597195774711,0.135636296608183,0.1125468,11.07702,4.851933
65019088,-4.41301537743526,9.88138565959791,0.160179584369766,0.101359,11.03417,4.859596
65029756,-4.39105687670947,10.12974695217,0.298645997240258,0.09596498,11.00935,4.863257
65050508,-4.38247989248191,10.2622133150552,0.376540926131901,0.0854628,10.96191,4.869909
65072894,-4.34388743991623,10.1748439143879,0.496797177827172,0.07338598,10.91641,4.871188
65083456,-4.37397903174419,10.1142279816328,0.600051742349195,0.06657011,10.88917,4.873564
65103175,-4.19371091460988,10.0406053305859,0.781325261163004,0.05540604,10.84397,4.880277
65123094,-4.03430016353973,9.87387092427601,0.901664831315871,0.04382165,10.79869,4.886005
65143073,-3.78812348846368,9.8111345686663,0.942028177204868,0.03058096,10.75308,4.886388
65163074,-3.63086453760869,9.88986696165435,1.00136806341879,0.01841113,10.70786,4.890651
65186797,-3.53781246231693,10.1173168810788,0.928593540388034,0.004272169,10.65794,4.893073
65206769,-3.65741850037488,10.1134114596524,0.936737711184532,-0.008886479,10.6121,4.894865
65228034,-4.10366638345133,9.96453913139079,0.827535908469679,-0.02318424,10.56137,4.892311
65248492,-4.32521582715804,9.91773325962984,0.853420868374626,-0.03395414,10.51565,4.892524
65268038,-4.12127837529848,9.71957446050413,0.691681854298397,-0.04519679,10.46984,4.892082
65280985,-3.93063485431413,9.47845743999221,0.725745460959567,-0.05102353,10.44699,4.891579
65301461,-3.27201305691348,9.40544236401625,0.666095855930119,-0.06698155,10.39371,4.886481
65321445,-2.82558079708679,9.53068376728774,0.877445765392155,-0.07913002,10.34791,4.883103
65341817,-2.55176689036104,9.626729831164,0.996515797076648,-0.09174398,10.30194,4.879476
65361405,-2.4834461545315,9.27834665892496,0.981157567001087,-0.106145,10.25558,4.874511
65382001,-2.76344977351338,8.85680986020859,0.866728179893943,-0.1192921,10.20949,4.870644
65404794,-3.0177075183619,8.6981681597448,0.935319630288544,-0.1351762,10.15632,4.86521
65424820,-3.12914592656036,8.83338191987925,0.852194052723899,-0.1500715,10.10975,4.859799
65446092,-2.90878219199201,9.0368093020554,0.827334705675246,-0.1621324,10.06171,4.854603
65466690,-3.13840004903679,9.30578936370204,0.968428770948106,-0.1738728,10.01586,4.849772
65486022,-3.45283895008536,9.58963670921739,1.10597307580844,-0.1879966,9.969368,4.844716
65499100,-3.66224695744145,9.51832657791576,1.03975385834387,-0.1965138,9.939364,4.84158
65519497,-3.80290646434658,9.18743143325948,1.01889730097384,-0.2090562,9.893313,4.834755
65539727,-3.97154874422349,8.55615962382574,0.960783082360313,-0.2219331,9.847161,4.828087
65559051,-4.01785733827779,8.42920479902543,0.930201384662307,-0.2373785,9.797903,4.822103
65579821,-3.93197932727776,8.68315934879437,0.934076147410546,-0.2498505,9.753652,4.815934
65603905,-3.74472107627347,9.0921290791275,1.00426184152771,-0.2650061,9.702114,4.808472
65624076,-3.32561689146292,9.27956670782662,1.02740468625217,-0.2794408,9.652819,4.802557
65644451,-2.85585103356451,9.35629298342488,1.09436724313262,-0.2909693,9.606621,4.796101
65664085,-2.4321106160144,9.23181368113973,0.990791025918276,-0.3028283,9.560231,4.789886
65684090,-2.42891011596974,9.13107779912432,0.915980083453402,-0.3166927,9.512974,4.784784
65706999,-2.53917122758847,8.91409853622461,0.733146985698029,-0.3312713,9.459036,4.77823
65727131,-2.87050740207684,8.90121048300692,0.877760833597233,-0.3430494,9.414507,4.772981
65747404,-2.93285237578492,8.91400152176822,0.905252886217957,-0.3570917,9.36673,4.768528
65766960,-2.94998366082652,9.2289186130319,1.04983377273157,-0.3698318,9.319297,4.763393
65787442,-2.87514574671685,9.40877148580836,1.10504421049632,-0.3827186,9.271696,4.758418
65810840,-2.89837428534949,9.84365726886879,1.21216551726158,-0.3987657,9.214217,4.752598
65831355,-3.32263475542167,10.1897118766647,1.09804066710195,-0.4123926,9.163861,4.748238
65851890,-4.02611588867766,10.544929070839,1.10863489827891,-0.4232348,9.116803,4.743271
65871260,-4.54376101586306,10.5829231323299,1.05268685100375,-0.4343511,9.069586,4.73858
65881761,-4.74971115330292,10.5837557328633,1.06775898992218,-0.4399879,9.045929,4.736331
65891371,-4.83620304015255,10.5482582182013,1.13547043596097,-0.4472956,9.021355,4.735023
65914032,-4.65386659118335,10.2269524868004,1.13580254602008,-0.4600102,8.968907,4.729709
65934733,-4.07198266771195,9.96057743148216,1.13137283684052,-0.4705953,8.923654,4.724751
65954308,-3.34164365849977,9.64377601923749,1.09241107537673,-0.4832653,8.874913,4.72076
65974301,-2.57906350931671,9.16844664757767,1.07320552868196,-0.4946048,8.826812,4.715939
65994202,-2.26060560575297,8.99508313624682,0.988014676440859,-0.5060658,8.778618,4.711187
66006855,-2.31853751189012,8.94236628878359,0.915142921238518,-0.5118264,8.754489,4.708894
66027495,-2.25599875879334,8.86954475666449,1.10824113111393,-0.526006,8.698049,4.70458
66049356,-2.26901339468123,8.7056599126665,1.08215097792518,-0.5368696,8.647572,4.699128
66069099,-2.73637063747862,8.9723339248518,1.04683466187284,-0.5472245,8.599309,4.694084
66089352,-3.11467727919437,9.2582020551479,1.07943743476085,-0.5583956,8.54829,4.689382
66109987,-3.11059504101676,9.40632312057099,1.05157903871015,-0.5694413,8.501452,4.686506
66123753,-3.23526304660955,9.41838091002176,1.09661040902179,-0.5761263,8.472032,4.684285
66142097,-3.29992247333017,9.52541741801803,1.08773971068852,-0.5880767,8.418041,4.680208
66162816,-3.18241869608665,9.64974243703202,1.20435879242087,-0.5988296,8.36887,4.676643
66182702,-2.70397234700622,9.78980418218448,1.29917598123254,-0.6103866,8.318993,4.674369
66202178,-2.75365732831823,9.9005593987589,1.39262870802993,-0.6212004,8.269575,4.671281
66225529,-2.89853291185643,10.120514188485,1.35982431892775,-0.6339209,8.212378,4.667087
66246890,-2.98241273269728,10.0255678457361,1.42036067181394,-0.6442482,8.160523,4.663377
66266871,-3.2331065286283,9.70350541287241,1.32066723311806,-0.6550522,8.110436,4.660975
66286769,-3.41638978256646,9.29726685558696,1.25830304262078,-0.6654595,8.05841,4.657231
66307080,-3.35168941441659,8.8786011169838,1.28903081792002,-0.6747556,8.011283,4.653778
66330069,-3.05650453864901,8.41835957414253,1.24432590508598,-0.6872272,7.953242,4.651195
66350335,-2.92879297794308,8.16917045395622,1.11869772956177,-0.6973782,7.903141,4.646684
66370432,-3.05577565607656,8.148357057885,1.08315834027326,-0.7075593,7.852852,4.642361
66389947,-3.03774781434419,7.89422831319537,1.07202413999403,-0.7183021,7.801834,4.63952
66410867,-2.88047258049489,7.88821230703405,1.00865524978822,-0.7284502,7.7512,4.635534
66434067,-2.73671803910423,8.28144742172969,1.05401522977126,-0.7398238,7.692586,4.630964
66454899,-2.75586851188322,8.46459244820997,1.02992811434691,-0.7504631,7.638655,4.627151
66474841,-2.77685855096616,8.4860652557809,0.981578405458261,-0.7616917,7.58417,4.624918
66495016,-2.88715250209951,8.74178656381046,0.866636027233782,-0.7718303,7.53252,4.621679
66515335,-2.88743055890701,9.0426137258813,0.88067734324074,-0.7818838,7.480641,4.618872
66537903,-2.7262568290194,9.448079763936,0.952908696578546,-0.7939999,7.420368,4.617367
66557934,-2.63220566013546,9.94583584721732,0.951775800058864,-0.8039559,7.368146,4.614881
66578177,-2.57828775193764,10.4908095638892,0.975828067413191,-0.8139541,7.315696,4.612658
66597918,-2.73884241556973,10.9243675661375,1.0295366963984,-0.8240785,7.262831,4.611751
66630048,-3.05280951600076,10.9880408370192,1.10024851546952,-0.83811,7.183839,4.609648
66643179,-3.41965356242864,10.6995938321699,1.05392152104812,-0.8438331,7.149396,4.609342
66662909,-3.73127356652958,10.0665168885415,0.909032759028743,-0.8540052,7.091086,4.609087
66682874,-3.79502542754651,9.94666039936245,0.918552370483232,-0.8623146,7.03819,4.608502
66703680,-3.52082079295342,9.74978436581157,0.78735687591229,-0.8706369,6.98526,4.607821
66722905,-3.77903801433979,9.73704210380522,0.736146841699761,-0.879371,6.932037,4.607623
66745933,-3.92035983085043,9.80786569205006,0.854316081638503,-0.8888236,6.871044,4.606966
66766032,-3.73217375970569,10.0788655678587,1.07153701348409,-0.8969318,6.817902,4.605144
66785849,-3.34209883278997,9.89452334119117,1.06581262609094,-0.9052188,6.764453,4.604262
66805873,-3.05351958925968,9.50996755420531,1.14309122895022,-0.9130772,6.711228,4.602631
66818690,-2.79938029283526,9.43323736497808,1.23107069678924,-0.9170355,6.681912,4.602174
66837548,-2.23900655491983,8.94401291979559,1.10522958244879,-0.9249442,6.628192,4.601064
66850978,-2.05082337363553,8.68947451810641,0.999121462538325,-0.9295005,6.593439,4.599677
66870711,-2.19135165144931,8.42953618500701,0.940040184250983,-0.9373393,6.539709,4.598609
66890045,-2.84089405485926,8.76312626390658,0.978548705492889,-0.9447455,6.486092,4.597127
66910072,-3.14810638583331,9.23990859460446,1.08826760491215,-0.952431,6.432162,4.59599
66930788,-3.10069605260125,9.42630198677284,1.307725145888,-0.9597431,6.378225,4.5947
66942979,-2.88363731123286,9.55515350923077,1.30187139744735,-0.9633512,6.351241,4.5934
66963896,-2.50478354550703,9.47849155809934,1.26814475960134,-0.9715663,6.289215,4.590923
66983818,-2.1389476228478,8.9957567878019,1.08083933328364,-0.9787531,6.235118,4.589463
67004243,-2.30474813011848,8.17777098400552,0.931675693932222,-0.9861435,6.178298,4.587264
67025335,-2.72618274672215,7.82416048158989,0.654663748685244,-0.9917175,6.120825,4.585927
67045016,-3.44069365693959,8.39684315268789,0.607763583866492,-0.9974173,6.068851,4.585226
67058069,-3.70495287061593,8.83824054648004,0.674797159344619,-1.001001,6.033302,4.584842
67078358,-3.89877791923268,9.53275327495296,0.879579812870642,-1.006171,5.978396,4.583137
67098695,-3.63761631264513,9.7365296962462,1.03741124377493,-1.011353,5.923492,4.581696
67118086,-3.10136365614513,9.87021319715207,1.14559077295288,-1.016982,5.868628,4.581225
67138721,-2.92037727958289,9.87074201916656,1.25732294540437,-1.022051,5.813645,4.58001
67162484,-2.65969414978101,9.46836886204547,1.06079717529443,-1.027623,5.753196,4.579633
67181029,-2.70231424971423,9.39013885612203,1.0013836633536,-1.033483,5.692741,4.579673
67201018,-3.06563304363231,9.47942145672858,0.953199019782079,-1.038316,5.637681,4.579187
67221749,-3.53390020376981,9.47680460296826,1.08295595164338,-1.042821,5.585275,4.57884
67242785,-3.41201787107865,9.22191927719694,0.964614011153375,-1.046942,5.524536,4.578928
67266444,-3.35263201247968,8.79034389847204,0.980617411423286,-1.051213,5.461079,4.577899
67285825,-3.4583716270481,8.16162719026486,0.914184686293833,-1.055508,5.406039,4.576675
67306193,-3.28927533638349,8.01715565286006,0.931756341562954,-1.059109,5.350856,4.574055
67325921,-2.96502675400826,8.00905169469063,0.819978721142738,-1.06317,5.295651,4.57269
67345819,-2.85915103013224,8.09462421282416,0.941590430378078,-1.066649,5.240327,4.570126
67369709,-2.53898707526534,7.88714455297207,1.01194673000571,-1.070689,5.176625,4.566471
67389010,-2.0939438161608,7.75819074343116,1.10535367896738,-1.074051,5.121187,4.563292
67408815,-2.01904021355468,7.66556610125066,1.04438472900066,-1.077678,5.065731,4.561785
67429781,-2.16272565372575,8.02869285252615,1.01243998343573,-1.080867,5.00996,4.559302
67449778,-2.1669870357782,8.62795306852982,0.940409258534054,-1.083987,4.953646,4.557841
67473910,-2.36885347158264,9.79737755047672,0.94701717025331,-1.08768,4.889056,4.557145
67493007,-2.46607598781114,10.9682568095173,0.963853574445267,-1.091045,4.83269,4.557639
67513624,-2.57734234679533,11.315145398216,0.8981780417369,-1.094206,4.776212,4.557732
67533335,-2.93658634236549,10.2361544618782,0.848916851188545,-1.097351,4.71981,4.558068
67552976,-3.43656139853832,9.0710856389841,0.818632159485907,-1.100667,4.663537,4.559218
67577024,-4.13192749696565,8.00107910743079,0.68278921316623,-1.10413,4.601573,4.559976
67596545,-4.51807576318151,7.59677910737711,0.709999250851989,-1.107572,4.539694,4.560585
67617363,-4.00589584996196,7.56563248176129,0.84014126596339,-1.110668,4.482819,4.561641
67637503,-2.58235853084019,8.9214500411245,0.806694435177242,-1.113814,4.422458,4.562584
67657453,-2.01899996268168,10.5875776518119,0.612436334902684,-1.11686,4.364901,4.563343
67680015,-1.30686025934955,12.4282764183568,0.805995327934351,-1.120051,4.302151,4.564402
67690002,-1.27241066354602,12.9381787010376,0.801115312527099,-1.121502,4.273432,4.5652
67700512,-1.26356008537562,13.1832524081073,0.802075871354663,-1.123051,4.24197,4.566074
67710056,-1.26879331851998,13.362163304781,0.841983592975759,-1.124312,4.216229,4.566813
67720723,-1.47472057082278,13.6043196770771,0.801368187040628,-1.125679,4.18761,4.567779
67730035,-1.88648564116353,13.4599971802396,0.732656148435892,-1.126914,4.159531,4.5686
67740025,-2.09342549263807,13.129801011911,0.755272833425906,-1.128236,4.131002,4.569541
67750035,-2.2814786725723,12.8288031984372,0.700717029015183,-1.12964,4.09974,4.570677
67760621,-2.41981159259757,12.4005005917742,0.794604708322429,-1.130822,4.07418,4.571595
67770944,-2.78006385636588,11.6749572624573,0.552959373254214,-1.13206,4.045774,4.571452
67784749,-2.70728955577656,10.9876701110407,0.538771611416048,-1.133459,4.011967,4.571623
67803882,-2.92102826892789,10.6443437515091,0.392272468922368,-1.135859,3.949929,4.571853
67824130,-3.28538648821097,10.8492350333614,0.404458063083053,-1.137907,3.891211,4.57331
67834744,-3.43186746729287,10.8585500011278,0.297740202917337,-1.138937,3.863221,4.573851
67854179,-3.05719843400481,11.1810246166339,0.506234858937837,-1.140806,3.807431,4.574803
67864891,-2.86636795373616,11.239636042238,0.560417790157547,-1.141709,3.779532,4.575255
67874333,-2.40535432167491,11.5910032773987,0.581549838590073,-1.14237,3.751935,4.576087
67888357,-2.41949962744251,11.7383479301334,0.514612521586054,-1.143609,3.715823,4.57654
67897521,-2.26246742018502,11.6936670095371,0.557248039357315,-1.144224,3.688332,4.577144
67907867,-2.00026743805036,11.6020381054671,0.446862867042123,-1.144975,3.660702,4.577567
67927830,-1.60668867662371,11.2732205753438,0.261722358986872,-1.146456,3.605504,4.57848
67947869,-1.7871767342533,11.264458715076,0.184088468996372,-1.147895,3.547901,4.579388
67967931,-2.450901134254,11.1764775386959,0.243360283792725,-1.148945,3.493294,4.580189
67978489,-2.78045231840254,10.8933696929107,0.2363860004853,-1.149618,3.465994,4.580472
67991845,-2.88045854144798,10.7152696401296,0.373107366984739,-1.150249,3.435985,4.580798
68010761,-3.17146095169127,10.2760593244498,0.519115997321047,-1.151507,3.378948,4.580814
68032060,-3.15098718365856,10.0708769682247,0.586186467756534,-1.152591,3.319176,4.582205
68052027,-2.74334983656139,9.81948337485155,0.596560092643951,-1.153985,3.264669,4.583768
68072530,-2.20337662499075,9.5547656251235,0.476397391743066,-1.155174,3.210279,4.585037
68084958,-2.3387199767344,9.61241906472638,0.598557716128578,-1.15579,3.183128,4.585645
68105363,-3.70183389905405,10.0220790867326,0.54995686908705,-1.156491,3.121491,4.586663
68125360,-5.08475659923834,10.6101984380434,0.72942804854905,-1.157417,3.067633,4.58741
68135388,-5.50822089500199,10.6944087481195,0.616506471720439,-1.157857,3.040755,4.587659
68145957,-5.54422417912347,10.9652466619042,0.735748782966455,-1.158228,3.013919,4.587911
68155848,-5.71898292046341,11.1107896961933,0.6874513587041,-1.158063,2.987528,4.588161
68165206,-5.98681684106926,11.150931102502,0.519725176709493,-1.158216,2.960837,4.588471
68175452,-6.3351717743183,11.3241026959332,0.617726447971668,-1.158352,2.9342,4.588739
68185199,-6.46216998615463,11.4140025295266,0.518296757954609,-1.158415,2.90762,4.58867
68199969,-6.37280897086322,11.3746691043417,0.385361371557742,-1.158348,2.878455,4.588666
68210988,-5.8854379527357,11.2091218820914,0.309889375407398,-1.158328,2.846008,4.589083
68220680,-5.58858077376209,10.9207355298985,0.216597348683952,-1.158131,2.813733,4.589561
68230176,-5.20599641807989,10.7545444571018,0.0437810461322463,-1.157487,2.787643,4.589594
68240691,-5.06955321808929,10.5856669698469,0.139727814625816,-1.15724,2.760738,4.589931
68250096,-5.20889080940843,10.5342068931209,0.221701888880666,-1.156952,2.733895,4.590289
68260179,-5.28002034267336,10.521571618089,0.278297263707442,-1.156576,2.707154,4.590546
68270734,-5.20955393770198,10.6213010718993,0.474778204780219,-1.156056,2.680494,4.590896
68290501,-4.77180228112155,10.3194064664016,0.537804167657947,-1.154328,2.627985,4.591173
68303759,-4.40945467640421,10.1038122825548,0.653122649537287,-1.153237,2.5938,4.591283
68323961,-3.41678534421703,9.81496223864383,0.733856250207282,-1.151438,2.541136,4.592093
68343725,-3.70824238381504,9.70538005001356,0.627175562584447,-1.14891,2.489277,4.59228
68363726,-4.18225317909784,9.17206904924894,0.360851918811503,-1.146567,2.437079,4.592591
68383877,-4.76294423058943,8.95209744238594,0.334468713728157,-1.143903,2.385272,4.592714
68405021,-4.70657431998669,8.90034239831411,0.287842445758727,-1.140244,2.331794,4.592897
68427949,-4.52760248405537,8.8337648848575,0.269603145707838,-1.136306,2.272882,4.593843
68448535,-4.2378980318604,8.62418386732988,0.337828841879153,-1.132771,2.221553,4.595013
68468443,-4.348329430023,8.51406403084094,0.556308378435566,-1.128985,2.170668,4.596102
68488031,-4.59180457611819,8.3641468973029,0.685969857619675,-1.12444,2.120708,4.59658
68512469,-4.62098315393771,8.29114309381683,0.743695010339572,-1.11952,2.06555,4.597591
68531014,-4.84427246750451,8.69249492250349,0.72604512774039,-1.114235,2.010865,4.600314
68551681,-5.10665757744472,8.97065289713322,0.695007983541733,-1.109189,1.961392,4.602829
68571487,-4.9459516603276,9.33762702014242,0.63568220507813,-1.103418,1.9126,4.603763
68591019,-4.81356070044276,9.49592448199972,0.599276790788511,-1.097849,1.863761,4.605621
68601815,-5.00495508898908,9.5431470868463,0.583214208327068,-1.094955,1.839496,4.606874
68615988,-5.19253063298115,9.49429780177334,0.559651837027135,-1.091717,1.813102,4.608085
68635991,-5.78175808936749,8.83587042823536,0.58647730541406,-1.084879,1.760643,4.609055
68656006,-6.05381878588768,8.62376114308009,0.567831713752199,-1.078921,1.712997,4.612054
68676463,-6.22226669139919,8.56147674611414,0.50880843073524,-1.072651,1.665752,4.614964
68696178,-6.1055861032017,8.67115106214489,0.549274658846713,-1.065596,1.619495,4.616344
68720786,-5.67562090472539,8.84984364682134,0.642424080047579,-1.058312,1.570768,4.618842
68739948,-4.38987687612648,8.89188751111785,0.655472196267297,-1.050843,1.524823,4.624318
68759480,-3.70442278876305,8.31483917225742,0.623712991701141,-1.042191,1.477527,4.627203
68779847,-3.99323736814557,7.24430816680749,0.600248032610404,-1.034332,1.432545,4.631436
68799845,-4.9664577760128,6.18464736472812,0.344579864335974,-1.026196,1.388038,4.635105
68822078,-5.39287337390137,5.4672380360268,0.228177529466379,-1.016626,1.339217,4.63777
68844175,-6.20295220227765,5.77946375108796,0.192561190689328,-1.006746,1.287688,4.642486
68864709,-6.64869912275136,6.53653591652881,0.330878195366561,-0.9980697,1.243117,4.646571
68884690,-6.68279939063788,7.34178132170581,0.520482074794885,-0.9891661,1.198994,4.649921
68904543,-6.02371900939022,7.73416041007066,0.598721724692397,-0.9801621,1.158192,4.650557
68928813,-6.22357121169509,7.9554429680777,0.731973152124093,-0.9700059,1.11078,4.652829
68947788,-7.05444827454943,7.62573137518625,0.755296460660007,-0.9598436,1.065848,4.658722
68967357,-6.8496284024583,7.08903757738009,0.507694582853943,-0.9495548,1.023877,4.66053
68987816,-6.19853406370392,6.98641732840364,0.204694110976798,-0.9394855,0.9818436,4.665709
69007267,-5.77795834469985,7.31989031846674,0.109020872874208,-0.9289363,0.9408901,4.667278
69030074,-5.64769925448743,7.30004894248808,0.00716918924656391,-0.9168691,0.8938245,4.671098
69052335,-5.44040813221485,6.96993492973727,-0.0784371138118165,-0.9065666,0.8519554,4.679031
69072318,-5.82657243915272,6.72416151834681,-0.00337399353331469,-0.8955923,0.8122369,4.681824
69091889,-5.82910223812853,6.53634125032005,0.202529102373602,-0.8843323,0.7699654,4.688342
69112436,-5.58448267408745,6.25958427889794,0.127058984948938,-0.874102,0.7320698,4.694312
69133599,-5.62770750700501,6.15886737821574,-0.0538881463607899,-0.8615731,0.6901562,4.697478
69154843,-6.11060103892658,6.22954370726556,-0.136309929258444,-0.8499206,0.6498076,4.705436
69175184,-6.4048145992842,6.20289267138338,-0.157691151387093,-0.8388156,0.6119365,4.712414
69194803,-6.87236179816618,6.01379915358302,-0.240549859328,-0.8272809,0.5755356,4.714178
69215945,-7.14471692178227,5.6999804446702,-0.168411052932316,-0.8158996,0.5362044,4.720086
69240719,-6.77886154020052,5.41487957492641,-0.0848309718213335,-0.8049641,0.4968523,4.730957
69259761,-5.66719592065355,5.11455914200254,0.013736844983023,-0.7932949,0.4565846,4.740431
69279090,-5.36147045098127,5.11325792643343,-0.028347217102468,-0.7821458,0.4216758,4.743752
69299492,-5.92707318895401,5.11976210979557,-0.126097219002338,-0.7716879,0.3861296,4.751809
69319812,-6.8143143890949,5.10181213649112,-0.133194251740392,-0.7612489,0.3511803,4.75884
69340522,-7.44233300238581,5.21745776392277,-0.162304783452282,-0.750159,0.3178443,4.762553
69362486,-7.80839413891677,5.28536519050446,-0.252069529988779,-0.7391281,0.282361,4.772122
69381896,-7.94723452212881,5.32910989687629,-0.244012566819257,-0.7285993,0.249223,4.780468
69401919,-7.59132407493625,5.44257487764534,-0.191475571903138,-0.7174569,0.2175415,4.782954
69423082,-7.01942159636063,5.46988950187112,-0.178591655397508,-0.7057239,0.1820463,4.789783
69447799,-6.62020370140431,5.21397073959511,-0.229576756355474,-0.6945059,0.1483572,4.796069
69466035,-6.33421272090628,4.34904206163809,-0.0414318490142489,-0.6832245,0.1152002,4.806152
69486902,-6.28600302689623,3.69529544996066,0.019446204793144,-0.6719053,0.08267489,4.814932
69506593,-6.18525013559235,3.11524191903416,-0.0274073760279289,-0.660727,0.05330706,4.817103
69526479,-6.54240893569969,2.86907171683221,-0.123365389911443,-0.6499527,0.02347687,4.824128
69550836,-6.85565785564424,2.86993530339316,-0.18725851530614,-0.6386271,-0.006996674,4.832984
69569470,-7.29809968218342,3.95723308395803,-0.236881036614517,-0.6265513,-0.03578909,4.834841
69589470,-7.30756791859857,4.40119012245124,-0.226983854291982,-0.6153092,-0.06345295,4.84199
69611436,-7.18118203230287,4.38517760929122,-0.253095395329238,-0.604484,-0.09074216,4.848421
69630771,-6.7292480444662,4.30830961784865,-0.270639297159041,-0.5926513,-0.1178268,4.848948
69653837,-6.57441936738491,4.15686267510906,-0.134241012668099,-0.5803271,-0.1475605,4.853473
69674018,-6.81308491898127,3.61973003805144,-0.318354120073593,-0.5698094,-0.1728249,4.860782
69693747,-7.13274723032969,3.3877090963404,-0.337944212852748,-0.5586246,-0.196504,4.861497
69713756,-7.30087883421315,3.4146797343428,-0.254864245245711,-0.5480712,-0.2204646,4.867005
69734060,-7.56864893993304,3.45658781115028,-0.112913671281694,-0.5374873,-0.2436608,4.871588
69755040,-7.69515326790774,3.50941719741542,0.0811778151519199,-0.5257178,-0.2665885,4.872667
69777062,-7.23128131014585,3.39918528450302,0.386139274609434,-0.513962,-0.2903214,4.879466
69796803,-6.47520463484823,2.98584636312097,0.432908689365474,-0.5033517,-0.3111418,4.885648
69817469,-6.2338056517933,2.61987521486265,0.581949079169617,-0.492348,-0.3308366,4.885537
69837884,-6.0596974558724,1.97993596747449,0.598867039842468,-0.4811018,-0.3523312,4.889937
69860674,-5.96361818346449,1.56301767452047,0.495644384367542,-0.4704961,-0.3722344,4.893415
69880995,-6.47440363611486,1.45927065172616,0.347296700971491,-0.4585378,-0.3926784,4.892977
69901060,-6.91276742963614,1.84859869244373,0.371432355399686,-0.448101,-0.4118658,4.898831
69921465,-6.96740219063709,2.16445763402123,0.359405877848451,-0.4377702,-0.4304408,4.903458
69941085,-6.97104384320391,2.50315295236118,0.416308030556876,-0.4272265,-0.4476423,4.901716
69964368,-7.19528784140304,2.69745711900307,0.719481059836077,-0.414907,-0.4680941,4.903539
69984727,-7.18341334624459,2.68291891778497,0.911732214237065,-0.4049952,-0.4847417,4.910253
70004876,-7.0696885896826,2.10543111688445,1.20002943744402,-0.3956317,-0.5000777,4.91607
70024902,-7.34189121698394,1.49109058811685,1.41573319081741,-0.3852516,-0.5157582,4.914571
70045826,-7.46649587862883,1.12091766081819,1.46504213907461,-0.3756181,-0.5332794,4.918138
70069688,-7.115877697488,0.593684843516178,1.22508783697465,-0.3651552,-0.5512557,4.922442
70088990,-6.63595142373028,0.430343584413946,1.17198146186956,-0.3562327,-0.5664276,4.926778
70108995,-6.72303337565541,0.683879576808098,0.954599407241323,-0.3470637,-0.5799522,4.925054
70128859,-6.93471156970423,0.650223690626929,0.760354189679772,-0.3382872,-0.5940869,4.927927
70148858,-7.14163301560115,0.569128987559885,0.693725670132618,-0.3293406,-0.6067139,4.925517
70171724,-7.04143302408374,0.704726260196451,0.736622449129293,-0.3193746,-0.6213878,4.925951
70191920,-6.88423175436055,0.460086198538551,0.774741235534465,-0.3108208,-0.6336657,4.930144
70213818,-6.56643592637118,-0.0338230734323276,0.751360286562519,-0.3021073,-0.6451407,4.933288
70232950,-6.50202997287175,0.0845671054177246,0.695037664993595,-0.2929152,-0.6559746,4.93043
70253490,-6.53761971285515,-0.023539450282576,0.688447259269036,-0.2843822,-0.6663021,4.932046
70275832,-6.70155287612552,-0.261022642349769,0.461808409155183,-0.2745341,-0.6772635,4.934044
70296021,-6.45121230682956,-0.15762100395342,0.135948275960429,-0.2661099,-0.6863658,4.93625
70315882,-6.29640662767482,0.138288291519483,-0.124713082435341,-0.2576668,-0.69456,4.93341
70336082,-5.89096919987811,0.0588250615341726,-0.219999335287795,-0.2492987,-0.7026304,4.934351
70365887,-5.89377555880013,0.0415026120576281,-0.244686882651958,-0.2369285,-0.7134234,4.930894
70388849,-6.35202236387354,-0.107936295053255,-0.0865549751975793,-0.2276526,-0.7210541,4.932755
70408931,-7.1241577303252,-0.59825972494244,0.0240889999714476,-0.2196813,-0.7271834,4.934843
70430038,-7.3687874681179,-0.766970298193601,0.193418488777987,-0.2110633,-0.7331206,4.93634
70450473,-7.19335809009028,-0.712748899406978,0.0954699280061299,-0.2029465,-0.7382643,4.93733
70472834,-6.64081046955755,-0.54097203198124,0.0887813396666082,-0.1951057,-0.7427499,4.935848
70493803,-6.5784679584723,-0.374957087050939,0.00151852841652146,-0.1857422,-0.747471,4.938184
70513349,-6.45567302047875,-0.228030249126123,-0.000251489302838775,-0.1779708,-0.750695,4.940751
70533340,-6.6118775127554,-0.333787553862016,-0.148201104999088,-0.1703248,-0.7533082,4.938224
70553903,-6.62582344395283,-0.341855311729377,0.0118829877230567,-0.1627274,-0.7554623,4.939485
70573967,-6.54911134801232,-0.118723041556098,-0.0950398873374317,-0.155196,-0.7570776,4.9414
70597402,-6.34060098204406,-0.130320999825393,-0.0810012752484833,-0.1467485,-0.7579873,4.942717
70618068,-6.2115025173312,-0.107511017323096,-0.00525028322767633,-0.1392477,-0.7580931,4.939656
70638059,-6.21762710284413,-0.0901513775732862,0.0636197516871644,-0.1322287,-0.7575198,4.940936
70658050,-6.47575518670866,-0.482067928554451,0.0816370528289548,-0.1253905,-0.7564387,4.941261
70678056,-6.55818137179562,-0.899933637051506,0.121410454136603,-0.118865,-0.7547629,4.937759
70701005,-6.74974081286523,-1.23860126953002,0.107825291770789,-0.1115344,-0.7522033,4.938198
70721625,-6.87318636794514,-1.47451932592472,0.0311788167349828,-0.1053364,-0.7493214,4.940949
70741184,-6.94368569762856,-1.81398209191033,0.0287290060414042,-0.09946579,-0.7460708,4.938518
70761047,-6.81472007908622,-2.04465810078054,-0.00184669213677676,-0.09372677,-0.7420611,4.940255
70781663,-6.87617523058054,-2.37576051880081,0.0169338493151674,-0.08819094,-0.737584,4.941164
70804457,-6.69253775789017,-2.57193369898713,0.0224749892240241,-0.08217107,-0.7320001,4.936766
70825828,-6.33168023438125,-2.55612510486082,0.107514001153657,-0.07696246,-0.7265456,4.938391
70844724,-6.08035846728209,-2.32050278448008,0.132168347071794,-0.07154115,-0.7206268,4.938642
70864340,-6.47787386057483,-2.0849234018033,0.061002182773806,-0.06644477,-0.7143072,4.934739
70884711,-6.80002813300025,-1.83726801258251,0.0877475769420056,-0.06166137,-0.7077453,4.934228
70907945,-7.00084136980104,-1.85924419151962,0.114822793824137,-0.05606007,-0.698871,4.932443
70927353,-7.06961400373067,-1.93694197280762,0.0171842781148303,-0.05170172,-0.6910764,4.92892
70947851,-6.87291773742808,-1.99958169719536,-0.020109174135168,-0.04744161,-0.6826886,4.928905
70967175,-6.55455342243804,-2.05475122047096,-0.0549114898497103,-0.04350108,-0.673977,4.925018
70987497,-6.33633861450498,-2.0062818201178,-0.116770916042553,-0.03947614,-0.6642825,4.923766
71013348,-6.39502233297351,-1.82168779294766,-0.18895204408945,-0.03556856,-0.6532248,4.921947
71032742,-6.67480392628902,-1.79136349563214,-0.236132288389816,-0.03221854,-0.6430661,4.920854
71052096,-6.74817520271896,-1.86439073107858,-0.258173456877915,-0.02926454,-0.6329038,4.916536
71072765,-6.79176478593279,-1.90657117499551,-0.0750441306966775,-0.02653446,-0.6224005,4.915203
71093086,-6.61840567321181,-2.00485704521409,0.0768400900867311,-0.02410054,-0.6114352,4.914609
71115464,-6.77719073492558,-2.05142466424296,0.24148316929768,-0.02181322,-0.5988067,4.910605
71135086,-6.85505588007717,-1.92166949124657,0.284236133661015,-0.01978796,-0.5861803,4.909989
71155761,-6.97365946395402,-1.7569497761078,0.38029576358508,-0.01807434,-0.5737712,4.909223
71175177,-6.6868651686515,-1.58356009940832,0.277167769528047,-0.01664893,-0.5609094,4.905289
71195828,-6.53381452161802,-1.46095274003982,0.316103243280191,-0.01541809,-0.5475527,4.903746
71220511,-6.48957937904561,-1.50988761695371,0.344563109140672,-0.0144756,-0.5327139,4.902072
71239901,-6.6426094248717,-1.75838540020937,0.530558422095557,-0.01403048,-0.516978,4.897521
71259893,-6.74704994687621,-2.27617766924063,0.62515269587961,-0.01376067,-0.501761,4.896113
71280645,-6.76973298472853,-2.66701852256987,0.708731600263695,-0.01373688,-0.4860925,4.89428
71299916,-6.52364818163191,-2.82623740693474,0.76626841741846,-0.01401811,-0.4703428,4.889964
71323044,-6.27975739853414,-2.74176177567877,0.730778785171158,-0.01452131,-0.4514489,4.885885
71343032,-6.21518077436559,-2.7786385509133,0.642805975511847,-0.01524111,-0.4343957,4.882467
71363029,-6.42914170309398,-2.73147618946979,0.638039827176823,-0.01626502,-0.4171792,4.877401
71383195,-6.3112371504918,-2.63958649904527,0.769775194211327,-0.0174683,-0.3992001,4.873655
71405442,-6.20973627632537,-2.57897693588964,0.869248426638542,-0.01889801,-0.3808572,4.869688
71429074,-5.79297632091347,-2.40942560802694,1.12363239809743,-0.02099404,-0.3563171,4.864687
71449061,-5.82689419345242,-2.20295599096519,1.35362945264873,-0.02266548,-0.3370083,4.861541
71469058,-6.03759313565572,-2.08771489616135,1.55136314498358,-0.02471503,-0.3176856,4.856866
71489517,-6.0929294952575,-2.23175932324652,1.51049339652558,-0.02677051,-0.297612,4.853383
71509875,-5.98573187382637,-2.95766484796774,1.42965364599451,-0.02895823,-0.2771607,4.850425
71532029,-5.64668090136732,-3.39401605312615,1.2564784491683,-0.03181717,-0.2533027,4.845677
71552067,-5.01730970076498,-3.67812724974015,1.02437878086741,-0.03436698,-0.2318079,4.843226
71582004,-4.06884779686242,-3.68780539417615,0.762928362263967,-0.03856184,-0.1991087,4.837914
71614073,-4.90013339073288,-3.2229903602069,0.972658694075281,-0.04305899,-0.1656283,4.833508
71637937,-5.51057200839807,-2.8776563234058,1.02468456337479,-0.04716582,-0.1361834,4.829108
71657068,-5.49819652347829,-2.44132714805255,1.22102876780304,-0.05026637,-0.1131367,4.826463
71677057,-5.39927334574449,-2.0047716776094,1.32103126706822,-0.05375864,-0.08986587,4.822789
71697850,-5.26393259974531,-1.91816176314795,1.37920878233238,-0.05715158,-0.0662133,4.819964
71730100,-5.34207924878069,-2.23510805088369,1.35761584671469,-0.0633556,-0.02667382,4.816672
71750827,-5.28915951383968,-2.47220172869779,1.36513610003493,-0.06732839,-0.002127683,4.815409
71770727,-5.23116375472151,-2.38924144193056,1.44189996382535,-0.07169353,0.02260049,4.812349
71800111,-5.10951240506429,-2.19582278417309,1.54821025663966,-0.0782631,0.06038112,4.809658
71820660,-5.15381031400582,-2.13887291489974,1.50551730724011,-0.08313936,0.0857654,4.806381
71845335,-5.51326592385898,-2.45184655358477,1.59348185588512,-0.08870955,0.1188997,4.802339
71865806,-5.97041022336814,-3.043181133235,1.71951547239781,-0.0932593,0.1458827,4.799251
71885733,-5.92805781539985,-3.69230127068854,1.78259207602805,-0.09767804,0.1717705,4.796253
71905026,-5.18468102693326,-3.87860731550248,1.80687325627245,-0.103289,0.2001803,4.792414
71925868,-3.78098447143305,-4.01513492652415,1.8258273056245,-0.1083511,0.2280417,4.789283
71949181,-2.82342242353442,-4.08196525690055,1.8113273645708,-0.1145739,0.2605062,4.786319
71979058,-3.02125526134037,-4.18277852778927,1.61048306710413,-0.1233435,0.3030468,4.782476
72009188,-3.74679310271993,-4.21078243905923,1.42549021209999,-0.1322462,0.3466432,4.779189
72030464,-4.51367337080281,-3.93807590659588,1.46824942660671,-0.1388634,0.378724,4.775906
72054760,-5.07455252042841,-3.53731662086701,1.39660645443768,-0.1464462,0.4139107,4.772563
72074756,-4.71264702611875,-3.27466345179199,1.28242033449494,-0.153208,0.4432423,4.769321
72104701,-4.26244006927199,-3.41999776257924,1.35803877223177,-0.1630147,0.4881608,4.76478
72134861,-3.68527024583044,-3.32401439615909,1.2884095850697,-0.1735395,0.533255,4.759849
72167552,-2.93167977086596,-3.48270231419849,1.17065567795233,-0.1852612,0.583855,4.755484
72197531,-3.09836341085179,-3.89118613055659,0.917577797001757,-0.1966436,0.6303188,4.751771
72219718,-3.34391304922437,-4.17859385577874,0.89200163657225,-0.2041958,0.6617494,4.749499
72252416,-3.53860786210105,-4.69708345902007,0.816288688848419,-0.2159753,0.7178017,4.744121
72271871,-3.3852240539559,-4.92194606481843,1.00317861892116,-0.2230126,0.7512816,4.740931
72301703,-2.49620163795111,-4.60666080012372,1.08378621408673,-0.2346078,0.8011231,4.736551
72331508,-2.22464498464889,-4.53928012630689,1.02405006751929,-0.2465312,0.8515147,4.732433
72364878,-2.36385863715998,-4.07122500259675,0.745546198686604,-0.2591236,0.9063599,4.727462
72394044,-2.34764197955857,-4.11266766776999,0.597626434150671,-0.2711236,0.9559388,4.722171
72425429,-2.00839266878108,-4.39138971069233,0.507181987177848,-0.2838705,1.014504,4.716069
72459833,-1.59656365785787,-4.99404370527669,0.664946641213932,-0.2964432,1.072977,4.71016
72488100,-1.84532503951947,-5.76388302984761,1.09189531728172,-0.3106588,1.130534,4.705152
72508951,-2.13846368872212,-5.97655250629691,1.32638851552524,-0.3201528,1.170675,4.701748
72528190,-2.11526841527963,-6.22036313655972,1.34370633485427,-0.3299356,1.207635,4.699177
72548776,-1.82632141263145,-6.59513650920056,1.34313175127775,-0.339416,1.246244,4.696681
72571957,-1.25685996806313,-6.78568009956722,1.16856836190913,-0.3506889,1.290339,4.693594
72591504,-0.788494603553823,-6.93559282558425,0.998835039563405,-0.3609436,1.327766,4.691332
72611805,-0.185074633526732,-7.25590255810117,0.872212449899402,-0.3708865,1.366531,4.688334
72633065,0.0326956697945094,-7.51719511663257,0.847244087837795,-0.3807125,1.403301,4.686632
72652985,-0.0212166635381492,-7.38336108799346,0.782726246263277,-0.3906916,1.444064,4.684175
72676859,-0.00803612712103066,-7.12850835063082,0.733859386256704,-0.4024217,1.490191,4.680709
72695954,0.49366076272601,-6.87298012844369,0.737966003290594,-0.4130709,1.529029,4.678092
72716013,1.04915450098372,-6.82586741135224,0.885307887506046,-0.4233133,1.569466,4.674104
72736487,1.43123055311965,-6.94357998855693,1.00652771422321,-0.4336095,1.609778,4.670382
72755997,2.26077619726563,-6.8408815214646,1.03100284946515,-0.4443389,1.648615,4.668013
72779182,2.84459642757551,-6.57678342709241,1.11533449921067,-0.4569203,1.696304,4.661271
72799526,2.46171802021727,-6.51324273928976,1.11805055208119,-0.4673467,1.736378,4.655178
72821048,1.47153798253556,-6.34426090017641,0.936097732389962,-0.4776339,1.781393,4.649849
72840784,0.854909843260398,-6.04523954080582,1.05448432418035,-0.4880686,1.821693,4.647053
72860738,1.02572070921245,-6.65311727769927,1.21248775548036,-0.4978769,1.864423,4.64254
72884008,1.55643091426923,-7.38477021701601,1.34979692884866,-0.5093613,1.912614,4.636908
72903915,2.39772512247788,-7.38597156690078,1.66892308977799,-0.5197254,1.952835,4.633419
72923908,3.7729259476682,-6.75767764908718,1.91100129273889,-0.5295728,1.995092,4.627453
72944099,4.62208006376397,-6.52852323184073,1.84766893216618,-0.5392677,2.036938,4.62185
72963918,4.22216319293084,-6.17784047637188,1.65768201225017,-0.5494536,2.076724,4.619081
72986927,3.29405407453005,-6.22954323844634,1.51661701793404,-0.5607489,2.123754,4.611594
73007037,2.41629562723343,-6.45274322183574,1.36030228756758,-0.5703639,2.164672,4.604643
73028730,1.17649315419428,-6.68129287556412,1.18478820240058,-0.5807357,2.211172,4.598414
73048071,0.726896287490815,-6.72985375171073,1.20391753834825,-0.5903997,2.250844,4.595214
73068669,0.62378237376182,-6.52001243973021,1.3815673979633,-0.59956,2.292501,4.589538
73092454,0.384149994204173,-5.83692389416968,1.40435375741066,-0.6100357,2.338883,4.58327
73121932,0.0195787813894128,-5.53475634060304,1.33720200989783,-0.6235538,2.397076,4.576426
73151741,0.45199493423109,-5.45177323631622,1.18529660542035,-0.6366348,2.454192,4.569871
73184698,0.893734786503274,-5.4353500892639,1.12524345512803,-0.6492993,2.511936,4.561131
73215203,1.14740929400525,-5.40627149318322,1.09311046965384,-0.6629229,2.573241,4.552797
73236698,0.926929394115547,-5.38668907147166,1.03342423780903,-0.6713009,2.615791,4.547739
73266096,-0.00212572054079632,-5.24966328043903,1.10851268626935,-0.6826258,2.670694,4.542336
73300427,-0.354788665369542,-4.77385682801297,1.02884476939396,-0.6944458,2.731386,4.53488
73329737,0.395359655083727,-5.02212334597051,1.04818881843054,-0.7050715,2.783624,4.528816
73359764,1.39822266949015,-5.44287815099599,0.945500720687193,-0.7152801,2.834696,4.522469
73379760,1.62898054249455,-5.56916042058423,0.880778972764716,-0.7218251,2.869313,4.517248
73403979,1.87307330047498,-5.55120579247918,0.868287794848247,-0.7292067,2.90783,4.5111
73424035,1.72436115111205,-5.47213541900229,0.934863936828549,-0.7355832,2.946086,4.505878
73454031,1.27791231003876,-5.28768593393578,0.748571637710911,-0.744562,2.996823,4.499121
73474327,1.59983648052707,-5.58975026520362,0.911387062583573,-0.7502889,3.031746,4.493727
73494044,1.63421499979233,-6.06959312069419,0.934286986968222,-0.7561041,3.063509,4.489163
73517015,1.2043701903799,-6.11855712230485,0.891589557859141,-0.7627115,3.102916,4.482515
73537519,1.01806784486832,-6.103789190312,0.90751718815929,-0.7678587,3.134476,4.476549
73557446,0.688728556485218,-5.95618512857687,1.067456380343,-0.7733374,3.164886,4.47117
73587032,-0.00152123982438837,-5.56586610783764,0.934577876791624,-0.7810999,3.212592,4.461472
73610877,0.0364828042410261,-5.55465794046389,0.914097141962209,-0.7872748,3.249198,4.453835
73632617,0.336663088608322,-5.54600218192625,0.985844923675899,-0.7921964,3.283326,4.447515
73662038,1.43562580733397,-5.31518136581651,0.859407819141247,-0.7993003,3.328886,4.438406
73682439,1.75218402348553,-5.63585064437307,0.841823436031598,-0.8038664,3.360214,4.431803
73702054,1.80441225581078,-6.30774787206816,0.975384776407831,-0.808557,3.38887,4.425135
73724910,1.41390997086337,-6.7655016606251,0.93970722534685,-0.813445,3.42152,4.417274
73745064,1.06109691175412,-7.4165618888697,0.810919426134812,-0.8179633,3.452191,4.409574
73764904,0.573733816668458,-7.58530777365485,0.65881898627567,-0.8220707,3.478143,4.40286
73784981,0.573270534461229,-7.13208449203456,0.396136861024361,-0.8262258,3.506693,4.395382
73809084,0.845863691115354,-6.50400562900413,0.0981958637974457,-0.8307449,3.537216,4.387142
73830722,1.24955789425796,-6.23056331502293,-0.089857100583442,-0.835322,3.571666,4.378837
73860040,0.849496558087315,-5.90636358003151,0.14694430858476,-0.8408502,3.612402,4.367988
73880505,0.0788812943648463,-6.18605382206783,0.255110342762788,-0.8442262,3.640226,4.360497
73900042,-0.555914485866566,-6.23599862546102,0.595354127411905,-0.8477518,3.665686,4.352722
73923724,-1.05571960931939,-5.97564265066692,0.730910813372818,-0.8515289,3.694795,4.343907
73953651,-0.630613182121723,-5.81017650277233,0.589484628463462,-0.8567685,3.731362,4.33197
73983646,0.29122425699344,-5.52731366885055,0.479400274612524,-0.8622285,3.771894,4.318494
74013101,0.492033092996168,-5.60102975276279,0.270716860570524,-0.8670507,3.806584,4.306067
74038420,0.199988255928869,-5.9728600317229,0.347522254538422,-0.8705037,3.838023,4.296387
74058499,-0.120353363183022,-6.21358699243846,0.480733476996427,-0.8737632,3.861588,4.288375
74077992,-0.276660660767747,-6.59819977600223,0.546997943433468,-0.8766342,3.886474,4.280555
74098093,-0.289041355441195,-6.94806001304036,0.628671506997732,-0.8797453,3.909157,4.272626
74121010,-0.136284609812565,-7.11703947190472,0.563505207650811,-0.8826399,3.933043,4.264853
74141677,-0.00546749216061886,-7.21291563385234,0.510672461141452,-0.8860657,3.960238,4.255255
74161763,-0.0492513215139085,-7.16180910735755,0.427446770295525,-0.8887806,3.982763,4.247191
74181131,-0.462494775454021,-6.77862152216541,0.460464342840635,-0.8915733,4.003493,4.238933
74201697,-0.846736600732429,-6.5103010864136,0.486667343544021,-0.8940403,4.024944,4.230586
74221097,-1.11241626686158,-6.19688707525517,0.497693178875575,-0.8965315,4.044761,4.222075
74246483,-1.31377373552278,-5.97625500265633,0.495082824726374,-0.8981844,4.070324,4.212138
74266021,-1.22396394364042,-6.00541330494577,0.437025872845038,-0.9001026,4.089485,4.203586
74286020,-0.647757567022094,-6.30627664039014,0.288830068995462,-0.9014111,4.109254,4.195191
74306001,-0.411674259889434,-6.4346565186327,0.297604917683841,-0.9031788,4.127471,4.186719
74327780,-0.651827685028873,-6.43866188594457,0.275844022114139,-0.9047098,4.147879,4.177382
74349802,-0.768389349066616,-6.32985463555845,0.236173756033315,-0.9059576,4.166712,4.168365
74369068,-0.813788801269569,-6.32236225733212,0.281158392861394,-0.9072221,4.184981,4.15937
74389177,-1.01814261061357,-6.30365049640397,0.344671056235906,-0.9086898,4.201173,4.150718
74410491,-1.00532235310775,-6.23036438839123,0.240516460479253,-0.9093726,4.218808,4.141935
74434848,-0.655679053940259,-6.18588551838656,0.24886295850726,-0.9096387,4.236247,4.133283
74463748,-0.547476669212633,-5.99607499027805,0.220370583389296,-0.9103751,4.259031,4.119998
74483857,-0.872770890642058,-6.0235645677756,0.156336656376113,-0.9104772,4.274069,4.110967
74504354,-0.933110552188291,-6.18576694591793,0.241874520657809,-0.9105707,4.288501,4.101852
74523920,-0.94975719144901,-6.37837197341831,0.220434528156198,-0.9111547,4.301753,4.092617
74547849,-0.998406642724201,-6.64947732158659,0.155739086818683,-0.9111782,4.315681,4.08266
74566696,-1.00679018163157,-6.64498645209063,0.111105976461137,-0.9111411,4.328296,4.07291
74586333,-0.840162002094888,-6.53146447272945,0.0968937716490456,-0.9115167,4.339831,4.063274
74606692,-0.707229969134713,-6.41538837573327,-0.0293077936315104,-0.9114552,4.351379,4.053653
74628408,-0.994839230330456,-6.36532593337567,-0.0293662943554143,-0.9108381,4.363592,4.044252
74650760,-1.45252089918027,-6.39921894310649,0.0273031052010195,-0.91093,4.375,4.034191
74670950,-1.6431713565461,-6.53041225859157,0.0797942724702102,-0.9105424,4.385592,4.025503
74691001,-1.50121241363855,-6.68524743046629,0.078036983013393,-0.9101378,4.395647,4.016826
74710861,-1.42499497950273,-6.93696111115055,0.0702869480398582,-0.9103006,4.404674,4.008021
74731011,-1.1145347378039,-7.14393437007727,-0.00533819905800058,-0.9100233,4.413809,3.999445
74753955,-0.676509894863676,-7.4012778035227,-0.076177994010681,-0.909807,4.423583,3.989437
74774055,-0.439041384146205,-7.6597622472401,-0.150745383862266,-0.909871,4.431345,3.980592
74794071,-0.474819637418966,-7.58781103323588,-0.344421858008416,-0.9094928,4.439093,3.971773
74814047,-0.573346128268689,-7.15631344155697,-0.363823608563109,-0.9090658,4.446408,3.962974
74836094,-0.708161661985532,-6.80819976435814,-0.336907093872309,-0.9079169,4.453845,3.954218
74859705,-0.8673125995212,-6.18852438567101,-0.290376385175988,-0.9066248,4.46093,3.94461
74889473,-0.759210248962745,-5.32541290652886,-0.0718101129191109,-0.9051971,4.469349,3.931643
74919067,-0.643835850630316,-5.11375236018013,0.0972998390903601,-0.9036465,4.476928,3.91836
74949003,-0.495886154373556,-4.98287728077324,-0.127897876453017,-0.9014574,4.483782,3.904977
74972034,-0.849608507139731,-5.53847441916616,-0.235291220076239,-0.8998644,4.488534,3.893941
74992509,-1.26840171560649,-6.26167775149348,-0.281961437261053,-0.8983856,4.492099,3.884645
75013969,-1.70209399518664,-6.85832955450845,-0.313315371632534,-0.8973105,4.495363,3.875301
75033488,-1.81682343415069,-7.54233568361208,-0.253439402775147,-0.8958883,4.498367,3.866865
75056026,-1.68408386095136,-8.09134151346016,-0.199481343720715,-0.8945277,4.500779,3.859358
75076344,-1.12722077887488,-7.97977153367843,-0.245830937266786,-0.8928866,4.503322,3.848873
75096880,-0.901693594827778,-7.56695917202621,-0.286057039040081,-0.8916053,4.505164,3.840217
75116076,-0.949164850045975,-7.34527771699432,-0.31549630076043,-0.8900477,4.50665,3.831853
75136090,-0.548853564543568,-6.63015353165715,-0.297543748377064,-0.88866,4.507903,3.823417
75159009,-0.716859405956166,-5.85289828205636,-0.289636673371917,-0.8870456,4.508858,3.815124
75179928,-1.69618853312087,-5.45342694010493,-0.247631782418697,-0.8851459,4.509429,3.805151
75200068,-2.73299140850191,-5.76783856756639,-0.299351925841859,-0.88306,4.509283,3.79663
75220979,-3.55936501982218,-6.2232913086945,-0.432319996012504,-0.881596,4.508972,3.78913
75240888,-4.60869430274586,-7.25063990001262,-0.625509767738743,-0.8798129,4.508179,3.781197
75263930,-4.6097087573232,-8.15162038114329,-0.713087541263627,-0.8780973,4.507239,3.773946
75284352,-2.49008672589682,-7.94020027094766,-0.608947757554761,-0.8767204,4.506265,3.765135
75304307,-1.1945090530001,-7.12658477714213,-0.544613564549745,-0.8750969,4.504719,3.757472
75324648,-1.17568419217647,-5.98324303110443,-0.357170611780284,-0.8734718,4.502937,3.749529
75354063,-2.57293858617403,-4.61464300340142,-0.154739731677083,-0.8714526,4.500293,3.73689
75377474,-3.74438616546588,-5.20637896613604,-0.262621349473692,-0.869831,4.497931,3.726678
75397060,-4.59976927940187,-6.41013757802524,-0.441894388401805,-0.8684309,4.495694,3.717645
75418853,-4.73500216739964,-6.6511701392309,-0.549197077985179,-0.8652721,4.491428,3.708411
75438899,-2.92942470417395,-6.44440733431648,-0.625866354075302,-0.8633053,4.488574,3.700013
75458334,-1.99710657217722,-6.21402240736147,-0.52248036530306,-0.8603776,4.484426,3.690992
75482414,-2.22182961797347,-6.04879886608969,-0.461677993770357,-0.8576483,4.480088,3.681148
75501727,-2.29076634009629,-5.8138767371187,-0.326883745973982,-0.8560416,4.476935,3.6719
75522021,-1.48117756401164,-5.90456376151735,-0.314043116800197,-0.8536567,4.472925,3.663512
75541913,-0.402850274495213,-6.37413407700509,-0.3209102536636,-0.8514231,4.468978,3.655263
75561843,0.585568917025549,-6.35520874070165,-0.361309158545857,-0.8499945,4.465913,3.646856
75586062,0.917517005381527,-5.97192077432015,-0.388383926451896,-0.8476874,4.461623,3.637844
75616918,-0.701096476228075,-4.94294403709294,-0.458026389226529,-0.8442004,4.454421,3.62506
75646193,-4.32744462115229,-5.42806283917009,-0.478217737330853,-0.8411523,4.446638,3.611655
75666177,-6.13339856800434,-6.38637875670319,-0.529202957060032,-0.8387343,4.440642,3.603358
75679099,-6.461803639436,-6.65199859677129,-0.540072477463827,-0.837588,4.437672,3.599172
75699957,-5.71850140884217,-7.38163497367233,-0.554109465144594,-0.8352945,4.431222,3.589209
75719795,-4.54777248316232,-7.98112724718691,-0.511803420194799,-0.8337933,4.426488,3.58032
75740074,-3.33983398488696,-8.0595150342853,-0.515554759434623,-0.8316547,4.420593,3.571872
75759841,-2.25318860589178,-7.18627964449619,-0.351952480546027,-0.8301587,4.415706,3.563135
75779841,-1.609549083506,-6.59816000466997,-0.314597875919244,-0.8281924,4.409785,3.554827
75803708,-1.56337723139166,-6.09464285816936,-0.313476287393118,-0.8262089,4.403202,3.544771
75823130,-2.14462025307826,-6.0242003618943,-0.24447385168186,-0.8248176,4.398015,3.535728
75844084,-2.82431009864686,-6.23176816718015,-0.235305807366134,-0.8214671,4.390006,3.527593
75864173,-3.62871777807786,-6.9755324588164,-0.451942452656292,-0.8183411,4.38223,3.519575
75884084,-3.77522658306681,-7.12295335704082,-0.420801838929867,-0.8163509,4.376016,3.510788
75907038,-3.22544633406849,-6.94784481971291,-0.341669140138744,-0.8130993,4.367451,3.500405
75927058,-2.35957744246946,-6.60071931120767,-0.44399960464846,-0.8101442,4.359947,3.49136
75947047,-1.96522841419935,-6.06499053143671,-0.528500056762758,-0.8072827,4.352525,3.482224
75977461,-1.8198903579739,-5.2631607720101,-0.476259435183242,-0.804072,4.342855,3.468721
76001828,-2.59847218914753,-5.68120249516217,-0.453498571738596,-0.8013363,4.334927,3.457917
76022494,-3.62504942456258,-6.5694446915268,-0.505029282288592,-0.7980173,4.325081,3.447575
76042419,-3.65573136777998,-6.97512060625983,-0.582490157568416,-0.7949916,4.316285,3.438694
76062182,-3.15996710205805,-6.98976218734526,-0.516081876044107,-0.7930648,4.309377,3.429575
76082511,-2.58367269462124,-6.68797731230553,-0.525531272333911,-0.790189,4.300866,3.420814
76106336,-1.72415168993259,-6.39882316580091,-0.472258436736473,-0.7872931,4.291708,3.410394
76125888,-1.71280287773251,-6.1012947892223,-0.406092831302464,-0.7855229,4.284863,3.401127
76146076,-1.97824671736279,-6.28822355735134,-0.333197124159536,-0.7830418,4.276694,3.391922
76165961,-2.03175715640349,-6.81841913653099,-0.334746687170151,-0.7806394,4.268689,3.382667
76185847,-2.52801693995892,-7.34718169546717,-0.479435937012402,-0.778897,4.261991,3.373402
76210068,-3.0972615223202,-7.49425352737333,-0.631038816970066,-0.7763786,4.253676,3.363193
76231499,-2.8122731824922,-7.0279288556885,-0.605337361895504,-0.7722813,4.242784,3.353211
76251374,-2.67787883667659,-6.75856652745602,-0.623064572023725,-0.7686523,4.233027,3.344644
76270949,-2.5517581443952,-6.70286219109513,-0.685368607629802,-0.7663013,4.225403,3.335589
76291352,-2.08353789172486,-6.61851352773065,-0.66837772675144,-0.7629327,4.215985,3.326847
76314847,-2.27741438177132,-6.40251970467482,-0.592980074746959,-0.7593729,4.205914,3.316057
76334690,-2.88330057535213,-6.29890106239306,-0.643011187179801,-0.7562596,4.197191,3.306744
76354185,-3.04150555291345,-6.19845234860177,-0.623969743266457,-0.7539181,4.189792,3.296881
76374598,-2.96816153533372,-6.06157019492841,-0.519705328272519,-0.7507352,4.181067,3.287096
76394351,-2.95820614488742,-5.92127161821877,-0.374255052893896,-0.748429,4.173792,3.277215
76418070,-2.89276154102124,-5.96976175676578,-0.27146059126693,-0.7450089,4.164064,3.265463
76439073,-3.06910792028181,-6.21425863510185,-0.338296047274069,-0.7406544,4.153176,3.256119
76458975,-3.18987204943436,-6.22433177479634,-0.463556432468483,-0.7365685,4.142884,3.247203
76478959,-2.95004351903534,-6.08379810910345,-0.568387487409873,-0.7326967,4.132958,3.238274
76498783,-2.36342643004447,-5.860329285679,-0.679563084737688,-0.72996,4.12507,3.228978
76523015,-1.89266779630954,-5.46307512180969,-0.788769698916881,-0.7261388,4.11487,3.218728
76552064,-2.25739490683197,-4.61357101345658,-0.555982685027804,-0.7207975,4.100459,3.204282
76582679,-3.30877902281408,-5.30553182570835,-0.178706376273367,-0.7166995,4.088068,3.189992
76601993,-3.86534913425295,-6.21645953849825,-0.069432798688916,-0.7135605,4.078832,3.180065
76625618,-4.08825994282044,-6.8091758025899,-0.0986056314964472,-0.7102853,4.069232,3.168896
76647042,-2.69354128298963,-6.95380690953205,-0.177530131122426,-0.7062899,4.057133,3.159756
76667055,-1.51804158179735,-6.69179742232768,-0.346655146220611,-0.7036827,4.048415,3.150883
76687020,-0.978517961177151,-5.91481812154876,-0.455284165490718,-0.7001985,4.037427,3.142736
76720020,-0.679841662974085,-4.92727407281443,-0.376670961399359,-0.6953198,4.021561,3.130457
76750207,-1.12572721265284,-5.85472319450976,-0.194544700844115,-0.6914136,4.007361,3.116145
76770340,-1.59687645825328,-6.5454621868301,-0.0668175314766397,-0.6884972,3.997244,3.107546
76790890,-1.3410074429292,-6.68630829533556,-0.00602975432232536,-0.6857467,3.987337,3.098905
76810356,-1.07994881198493,-6.53228658246861,-0.056401573427647,-0.6837501,3.979169,3.089946
76834740,-0.872652671823379,-6.2170857863675,-0.107657639559414,-0.6810707,3.96852,3.079725
76865050,-1.27271284070462,-4.95582941066759,-0.187316532606206,-0.675694,3.951296,3.067739
76895037,-2.37822154973324,-5.69315049154243,-0.250234220925757,-0.6718611,3.936799,3.054998
76915699,-3.20631693276641,-6.89178374119293,-0.189754474890622,-0.6688311,3.926092,3.046896
76939421,-3.82039823748394,-7.49474526684808,-0.156748333316318,-0.6657001,3.914538,3.036755
76958902,-3.65754770441946,-7.79036602136005,-0.206907554919679,-0.6629142,3.904492,3.028167
76978730,-2.9187070133091,-7.66490833633787,-0.282007701712869,-0.6611046,3.896494,3.019683
76998856,-1.98190406513752,-7.01133338934499,-0.254676068316176,-0.6584898,3.886661,3.010709
77020310,-1.2826699149692,-6.00670302789147,-0.178087897225587,-0.654355,3.874352,3.002512
77043627,-0.553794731917833,-5.4591705721663,-0.153893610372253,-0.6516795,3.864269,2.992564
77073038,-0.669338910678841,-5.69375892068307,-0.00997865733253603,-0.646054,3.847246,2.980446
77102996,-0.782480318078517,-5.40228435304454,0.0940477881963949,-0.6419976,3.833435,2.968016
77123755,-1.21400775578802,-5.60326775480108,-0.0735048022265222,-0.6387095,3.823223,2.960175
77147744,-1.67064692351021,-5.92715744845514,-0.175898912142877,-0.6354609,3.812743,2.950535
77176483,-0.811205015785579,-5.76614947161495,-0.195562009671156,-0.6317447,3.799915,2.936582
77196406,-1.20363603872465,-6.13816248114455,-0.163501953115797,-0.6288202,3.790573,2.927197
77216359,-1.40754395031805,-6.33543046595305,-0.175848425308099,-0.6268524,3.783161,2.917984
77238015,-0.932802195974096,-6.03703294408246,-0.104409652214446,-0.6218466,3.770889,2.909085
77261493,-0.850551684831947,-6.0379265699679,0.00139104062428296,-0.6168643,3.75808,2.898296
77281931,-1.25455233443599,-6.21874935953816,-0.0828035983563025,-0.6123409,3.746451,2.888675
77301181,-1.34886090691849,-6.06774994634211,-0.116243842548555,-0.6095278,3.73757,2.878916
77321094,-1.91942740839366,-6.03819261242695,-0.0755788063398372,-0.60528,3.726511,2.869264
77344502,-2.47333158505759,-6.19103097990395,-0.0916891202883048,-0.602763,3.718247,2.859907
77365008,-2.55634729529791,-6.10045260061963,-0.0685348147292192,-0.5988153,3.706631,2.848161
77384799,-2.29026640636991,-6.20823643385182,-0.100611833501228,-0.5953085,3.696694,2.838097
77404855,-1.64501798247069,-6.43206822438224,-0.147606198758997,-0.5919904,3.687065,2.828072
77425994,-0.525448475153891,-6.64268492754254,-0.0780092931638509,-0.5890172,3.677945,2.818233
77446004,0.101520650813586,-6.86556540644052,-0.144183082494675,-0.5844807,3.666753,2.808921
77469469,-0.189246077591538,-7.17889293649055,-0.166678828643053,-0.5799621,3.654965,2.797483
77489843,-0.664134612999988,-6.98530491969152,-0.0159537916401583,-0.57594,3.644806,2.788049
77509576,-0.982549514830681,-6.58358123804189,0.0136546242402361,-0.5734932,3.637051,2.778665
77529457,-1.4027493223282,-6.19372710746974,-0.0784160859149622,-0.5698174,3.627604,2.769272
77552089,-1.49364840825462,-5.8527531948203,-0.0303509403927691,-0.5663922,3.618673,2.759881
77573021,-1.33430078408381,-5.55574280636447,0.0315619488058822,-0.5629243,3.609349,2.748719
77603093,-1.15362622288683,-5.67538281277602,0.0417563998292332,-0.5596066,3.598692,2.734264
77625084,-1.14975832789043,-5.90038395638633,0.120503123561771,-0.5560554,3.589266,2.724526
77644079,-1.30033717145839,-6.02645907247402,0.140356498983832,-0.5536589,3.581703,2.715415
77668086,-1.64092055287632,-6.191325404163,0.136636365120992,-0.5497637,3.57136,2.705112
77686997,-1.81868421200814,-5.91060951137097,0.0494231166557157,-0.546155,3.561689,2.694929
77706991,-1.98085296892283,-5.70256934754683,0.0429727323598654,-0.5441523,3.555148,2.685543
77727507,-1.87198626761114,-5.78211142089223,0.0433069065030322,-0.5410624,3.546893,2.676217
77747880,-1.35637199664383,-5.93684142300102,0.113779116528294,-0.5382546,3.539191,2.666927
77770090,-0.786393589928086,-5.72554364987219,0.146155038652537,-0.5367302,3.533341,2.656704
77790725,-0.745555800264508,-5.87576756965685,0.175624762491033,-0.5344291,3.526378,2.64645
77810494,-0.865401231268805,-6.02555842691745,0.083493196195987,-0.532387,3.520077,2.63706
77830998,-0.459548754929632,-5.94910789784088,-0.0350542045022343,-0.5307407,3.514293,2.627694
77851852,-0.700431707524548,-6.00874876301171,-0.0811960954174509,-0.5277972,3.506535,2.619334
77874966,-1.03417190235616,-6.14551118664903,-0.0930132551013211,-0.5251316,3.499045,2.609996
77904461,-0.649530399867953,-5.61716927015883,0.0923583600049294,-0.522352,3.491003,2.596597
77934799,-1.41165846955041,-5.51231685470838,0.176418535455471,-0.5188174,3.481785,2.582953
77954175,-2.00082352177365,-5.76431509634719,0.182620345820216,-0.517854,3.477734,2.573376
77978195,-1.99957152099705,-6.09961529711781,0.142479905558094,-0.5161322,3.472255,2.562835
77997030,-1.52012692948743,-6.65970058452814,0.032202513640223,-0.5146529,3.467299,2.552308
78019442,-1.11545445580447,-6.99175100769194,-0.0373824249840359,-0.5124212,3.460704,2.544173
78038968,-1.02582434598401,-6.97430479524165,-0.0496269090787297,-0.511636,3.456804,2.535551
78059867,-1.02169710020795,-6.45668764089732,0.010115100883752,-0.5098024,3.45113,2.528012
78082964,-0.933936219953047,-6.34516155318688,0.0788672784508647,-0.5083892,3.445748,2.519046
78102032,-1.26086422039371,-6.96239246441486,0.0403582968220076,-0.5081677,3.442752,2.510668
78122341,-1.21022993448053,-7.59891039696056,0.105618082156756,-0.5071396,3.438405,2.503084
78142489,-1.05699423554644,-7.54573260288383,0.0994318962015113,-0.5063126,3.434559,2.495521
78161970,-0.948970390179261,-7.28915638481,0.038904350741943,-0.5063317,3.43242,2.487257
78186046,-1.14816169618166,-6.95403314228551,-0.103792286823144,-0.5057538,3.429177,2.478631
78205460,-0.781598288803521,-6.30980127254386,-0.0197988155046207,-0.5054317,3.426431,2.470919
78236366,-0.199827597337494,-5.55803700382479,0.152176316875886,-0.5049927,3.42294,2.458713
78266704,0.137979870281447,-5.68164957953619,0.167162248538077,-0.5022253,3.416901,2.448994
78290005,0.473169072508152,-5.83417989645877,0.177852088822585,-0.5008662,3.413416,2.441234
78309639,0.240879500152305,-5.96070370547835,0.0566195863055368,-0.5007526,3.411974,2.434123
78329474,-0.0285291933216868,-6.1526210458318,-0.17336116413511,-0.4997024,3.409154,2.427351
78349713,-0.102284531821615,-6.27609660408498,-0.258738478220066,-0.499851,3.408013,2.41937
78369486,-0.334094055434682,-6.34509577427381,-0.0985455458959816,-0.4990242,3.405632,2.412586
78392864,-0.608640700797366,-6.38659684999809,0.0257092289777,-0.4986115,3.403596,2.403778
78414857,-0.923862965477449,-6.50378951298437,0.0817680092534794,-0.4982941,3.401796,2.396263
78434559,-1.12496890256802,-6.49716183984951,0.132976922229983,-0.4967277,3.398584,2.389314
78454053,-1.19216890705993,-6.20192777553003,0.160376143827166,-0.4966689,3.397399,2.381418
78474734,-0.953673592476685,-5.87466918571815,0.0299048616199656,-0.4953287,3.39469,2.3754
78498062,-1.01690077504548,-5.52613267967733,-0.0716789848261976,-0.4945735,3.392495,2.366878
78527542,-1.2469080259876,-5.62247813075222,0.0273395488595009,-0.4946445,3.390781,2.355251
78547843,-1.40617456198123,-6.20888977568547,-0.0177694060520239,-0.4943418,3.389063,2.347691
78567492,-1.56743556126136,-7.06362161406109,0.0262269411040019,-0.4951053,3.388716,2.339219
78587456,-1.28816005140023,-7.93043195099426,-0.00603374288799941,-0.4950871,3.387493,2.332288
78602019,-1.21833799361423,-8.18336311630297,-0.0302690568461166,-0.4953734,3.387065,2.327888
78623511,-1.10098668476003,-7.88535444513768,-0.0718571605266329,-0.4944279,3.384774,2.321327
78643016,-1.25731035743447,-7.17538786101909,-0.169742849648517,-0.4937291,3.382795,2.316012
78662837,-1.36017625721352,-6.6419357773849,-0.108655324733527,-0.4944619,3.382616,2.308426
78683130,-1.85858213814772,-6.09700593281497,-0.0898760199248808,-0.4940247,3.381125,2.302515
78706983,-2.29652827751484,-5.68292649787915,-0.15762292163197,-0.4940593,3.380191,2.295706
78725952,-1.94977732280094,-5.87822655327569,-0.141515138995721,-0.4954765,3.380916,2.287875
78746468,-1.43987952956339,-6.19317707965396,-0.0946859715215904,-0.4960978,3.380717,2.281479
78765990,-1.00568880490139,-6.29643051461038,-0.0908426632572412,-0.4977776,3.381878,2.273198
78786001,-0.514938232105614,-5.81386442380995,-0.0254645940822707,-0.4987837,3.382202,2.26615
78810176,-0.185350312092199,-5.44199216765896,0.0837316549243718,-0.5002131,3.383102,2.257644
78841196,-0.029838469956841,-5.41121856887301,0.0622424802705003,-0.5013091,3.383869,2.247419
78871338,-0.307794668745397,-5.47991482018518,0.0136996486904453,-0.5035963,3.385924,2.235871
78891515,-0.549507950219842,-6.19240883304151,0.0399660871439066,-0.5046612,3.386829,2.229204
78914549,-0.606945909587002,-6.76159971674079,0.0148607593755343,-0.5073462,3.389424,2.218901
78934086,-0.682423516346876,-6.95124329449054,-0.0232663567546647,-0.5087776,3.390765,2.211892
78954790,-0.553327250996726,-6.93605826147969,-0.057107779658551,-0.510459,3.392456,2.204616
78974457,-0.114967645177154,-6.86992367903195,-0.0461736547362802,-0.5129263,3.395046,2.195653
78994682,0.382384641893402,-6.29998871575389,-0.0533027199264688,-0.5148222,3.397139,2.18807
79029675,0.422931261713987,-5.79961212926778,0.0801967625472648,-0.5175674,3.400368,2.175601
79049460,-0.397808842015526,-5.98820185504284,0.0930101323757901,-0.5194317,3.402545,2.1668
79069469,-1.14697225492678,-6.14591886683503,0.0872912973571242,-0.5198628,3.403261,2.160441
79089428,-1.80802613617348,-6.50456487784657,0.202889829406602,-0.5204836,3.404191,2.153559
79109021,-2.24672946022725,-6.87983225715379,0.209309600056505,-0.5223547,3.406466,2.144458
79132344,-2.20922705731447,-7.00665116982431,0.233643358840482,-0.5236918,3.408609,2.136062
79152719,-1.68141415228755,-6.7216922745261,0.10636840084723,-0.5247486,3.410527,2.12963
79172179,-1.03282210400915,-6.60931169671003,0.207585664291249,-0.5269508,3.41363,2.121169
79192714,-0.224761622139034,-6.3937922009466,0.115094850071398,-0.5283419,3.415965,2.114388
79212330,0.228336652306039,-6.37334758001795,-0.00987712761825642,-0.5306037,3.419217,2.105656
79238654,0.268390881704873,-6.50332118749983,-0.0239561128485131,-0.5312605,3.420897,2.099196
79257978,-0.0281196813186453,-6.65852259448285,0.14633569287308,-0.5330436,3.423629,2.090836
79277970,-0.568924246743692,-6.61603844709879,0.118163826426948,-0.5338256,3.42522,2.084372
79297943,-0.96139227005994,-6.74250947248606,0.135495886295981,-0.5357455,3.428154,2.075593
79318060,-1.48823799813022,-7.0393249317685,0.320569725715704,-0.5368294,3.430156,2.068368
79341433,-1.41880121902206,-7.18848623934405,0.405646271077878,-0.538317,3.432736,2.059975
79361094,-1.35681078056788,-7.29773646649421,0.325620653480993,-0.5404006,3.435972,2.050785
79380955,-1.1146618671947,-7.4409096169756,0.406918296523351,-0.5418451,3.438551,2.043108
79402993,-0.895803101784212,-7.40014276026936,0.334348846689858,-0.542438,3.440745,2.035871
79422544,-0.333441260395743,-6.5644665218459,0.109143726907161,-0.5439335,3.444194,2.02572
79445980,-0.2718595576807,-6.33324056336133,0.0178904576795575,-0.5442047,3.446705,2.018117
79466464,-0.176315260625386,-6.574391677403,0.0479223915596204,-0.5444332,3.449037,2.011509
79486179,-0.167931965404471,-6.8713548106722,-0.107336017322418,-0.5459321,3.452408,2.002409
79505999,-0.109375849474878,-6.85388251063032,0.0100836612220513,-0.5463862,3.455055,1.994902
79526761,-0.167991940039179,-7.11816666778295,0.122338385336424,-0.5468717,3.457882,1.987464
79549668,-0.373214804188717,-6.8659319697559,0.0947116453233595,-0.5479509,3.461869,1.977884
79569094,-0.354497001133666,-6.15112585020603,-0.0310513861929543,-0.5494068,3.465672,1.968171
79599131,-0.143670304436086,-5.28725967350373,0.00853945354515925,-0.5505,3.470665,1.955892
79630919,-0.0345684136096159,-5.16051057806859,-0.160598083920094,-0.5507737,3.475217,1.942686
79654020,-0.142255650642983,-5.11393512171147,-0.0553100935644188,-0.5503417,3.477906,1.934292
79684720,-0.625261857370634,-5.04733938870789,0.125695655006673,-0.5496244,3.481383,1.922663
79714130,-0.925701518609099,-5.40079745848735,0.0673832934034427,-0.550252,3.485991,1.908248
79734899,-1.08906549660823,-5.80831821632314,0.069605859083619,-0.5501028,3.488593,1.899828
79757598,-0.978418037742723,-6.09579535693539,-0.0468431900785959,-0.5504545,3.492261,1.889044
79777072,-0.729629584730708,-6.48783987931422,-0.133882619904471,-0.5514575,3.495813,1.878556
79797451,-0.617894278086096,-6.75183219174564,-0.137239510925521,-0.5516617,3.498688,1.869558
79817130,-0.568305437033609,-6.78791524723471,-0.145750602633748,-0.5526915,3.502195,1.858829
79838647,-0.46700795508716,-6.69783362621149,-0.0534760766074975,-0.5517703,3.503783,1.851578
79861354,-0.220337316111849,-6.6491817256622,-0.000946396364512525,-0.5514085,3.506453,1.841874
79881926,-0.186521032450997,-6.61979902065854,0.0171214425788758,-0.5508529,3.508422,1.834368
79901348,-0.256860470552075,-6.68316691710079,0.0477143808430367,-0.5515154,3.511532,1.824601
79921908,-0.388419304005056,-6.61483437139823,0.016489927777882,-0.5511654,3.513749,1.816688
79941393,-0.692198608195355,-6.63168914471398,0.00295238886437864,-0.5519284,3.516933,1.806698
79964194,-0.882538129589019,-6.58087872349722,-0.0152528037546994,-0.5520548,3.520068,1.796488
79984086,-0.800686842299636,-6.20927700304175,-0.000627850654881945,-0.5520296,3.522753,1.787625
80006086,-0.622148973982641,-5.67615329840398,-0.0380238067434405,-0.5511836,3.525429,1.779174
80035918,-0.28751764759083,-5.47830923938792,0.0754023589354607,-0.5504694,3.530422,1.764519
80058886,-0.0853956013337701,-5.44003439287782,0.124891058231337,-0.5492829,3.534123,1.754518
80089031,0.097580819688943,-5.59612629130038,0.119595462470839,-0.5474988,3.538572,1.742261
80118965,0.156568224236335,-5.69213506704685,0.161052878235089,-0.5471108,3.543649,1.727502
80149779,0.0157072023407069,-5.40937809138577,0.0598598403276719,-0.5459749,3.548507,1.71409
80172470,-0.322540226185075,-5.51509247725958,0.0811165442303646,-0.5455194,3.552449,1.703039
80192003,-0.500025276787347,-5.98705703705089,0.156111001761401,-0.5458771,3.5561,1.69221
80212389,-0.410968701917064,-6.60088121665483,0.228366614557597,-0.5455137,3.559512,1.682777
80233383,-0.247240120945791,-6.66965255676962,0.255043997099961,-0.5454304,3.56253,1.672478
80253349,-0.232866458980926,-6.60588095228866,0.193246199128431,-0.544201,3.564451,1.665152
80276800,0.0397268248327545,-6.26968703069189,0.115232992530464,-0.5433441,3.56701,1.65626
80306413,-0.166988760325059,-5.49079634591747,0.0110351611006803,-0.543036,3.571186,1.641848
80336751,-0.411758273313543,-5.47431717278598,0.0472341727878199,-0.5420425,3.574745,1.628533
80369476,-0.317216267785934,-5.82263416844176,0.219278225450891,-0.5422727,3.579474,1.61203
80389763,-0.313407597728281,-5.97574388474876,0.242237433079817,-0.5420301,3.582164,1.602125
80411428,-0.122782222557857,-6.13043799692406,0.240832366407312,-0.5413505,3.584921,1.59194
80431379,-0.188141147151186,-6.09342838758229,0.314756777839076,-0.5401534,3.587468,1.582795
80450962,-0.0164630292194055,-6.01103712861289,0.262924551881847,-0.5402895,3.590634,1.572073
80474079,0.15524554108119,-5.68654795880877,0.214396704865521,-0.5394344,3.593682,1.560833
80504479,-0.587055847783691,-5.29319325310869,0.245552180168704,-0.5378374,3.597451,1.545893
80534070,-1.69621729125181,-5.34463431395234,0.276389663588464,-0.5373317,3.601616,1.529937
80554727,-1.70291658879063,-5.49412078165169,0.281427243147311,-0.5366002,3.604218,1.519847
80577039,-1.58900074897383,-6.02623027493586,0.248507535507721,-0.5368856,3.607708,1.507295
80597173,-1.15301536488674,-6.34745189515405,0.15905605653898,-0.5363585,3.610516,1.496983
80619412,-0.360880566891219,-6.10115962268959,0.101306043174693,-0.5351404,3.612772,1.486075
80648910,0.397203044398972,-5.72120226777436,0.131815226586926,-0.5335487,3.615513,1.471057
80670065,0.297069006495363,-5.86837152465275,0.254130490566024,-0.5318977,3.617123,1.460378
80691907,0.420618288343776,-5.91038599624308,0.365956742171069,-0.5304036,3.618769,1.450673
80711913,0.497411128453164,-5.80268397612416,0.44425970325669,-0.5291036,3.620714,1.44081
80741811,0.394935981486853,-5.66303427569603,0.344121573269159,-0.5284516,3.624518,1.425079
80771796,0.204092338431771,-5.32450805740691,0.120655399169038,-0.5278778,3.628363,1.409255
80794895,-0.0575345151306385,-5.21318182016526,0.0658871883502675,-0.526925,3.630781,1.398875
80825944,-0.611259951785799,-5.53597470476773,0.191885883625883,-0.5236236,3.632984,1.385712
80846023,-1.05328721619087,-5.9931811931121,0.156266892320629,-0.5217696,3.634557,1.376958
80865763,-1.18568285896254,-6.3140683036557,0.274597172886529,-0.5213321,3.636922,1.366718
80890092,-1.26449953889968,-6.70975975566742,0.249515971906251,-0.5199863,3.639021,1.356287
80909086,-1.20940812801717,-7.13701704436831,0.205486311549369,-0.5188439,3.641048,1.34632
80929293,-0.886884102476056,-7.22560951732615,0.151930820982685,-0.5187774,3.643511,1.335985
80949444,-0.533731758661602,-7.160342867841,0.182033507788219,-0.5178626,3.645483,1.326531
80969787,-0.25778233282938,-6.80433199450349,0.0781039360815424,-0.5171568,3.647613,1.317146
80992831,0.167774830487302,-6.20866779941468,0.15379194841476,-0.516816,3.650532,1.305529
81014801,0.338495748621086,-5.7606351781092,0.162892014201976,-0.516724,3.652923,1.296045
81043698,0.0691059533279434,-5.66236960451816,0.105751331973696,-0.5152761,3.655868,1.282664
81073821,-0.891723369389595,-5.62710369826548,0.153639781711184,-0.5148537,3.659209,1.268384
81095995,-1.87603259627871,-5.63402440056178,0.101978924192157,-0.5142353,3.661526,1.258721
81116045,-2.18337733429443,-5.57522844988933,0.116803753951443,-0.5140458,3.664124,1.250315
81136417,-1.70720294669522,-5.5686162640723,0.138298806229412,-0.5145909,3.666986,1.241258
81166752,-0.822727553119503,-5.6404016837628,0.124027747066821,-0.5147214,3.671314,1.227336
81200038,-0.684624808112751,-5.87284015435766,0.0896511999605871,-0.515222,3.676101,1.212135
81219460,-0.826985178704873,-5.97972713428608,-0.000902334434002017,-0.5160253,3.679284,1.202236
81240338,-1.02907023677737,-6.02244788225396,0.01586214063648,-0.5150098,3.680614,1.194271
81260335,-1.25915222440321,-6.11322883166133,-0.0757818288720924,-0.5141291,3.68197,1.186483
81280324,-1.26309957763965,-6.30978164117659,-0.0485134631930187,-0.5145,3.684418,1.176964
81303080,-0.753688065519409,-6.33129137052773,-0.013244208840103,-0.5141622,3.686592,1.167248
81323845,-0.228368285884348,-6.2515239012934,0.0412065495705099,-0.513714,3.68832,1.159831
81343078,-0.47413572501017,-6.36743012086021,-0.00750615287014326,-0.514332,3.691165,1.149894
81363083,-1.00394654526044,-6.26909751077753,0.0218971994561234,-0.5141017,3.69318,1.141623
81383840,-1.38620571400874,-6.06694271433676,-0.005948136542973,-0.5140406,3.695205,1.133
81405035,-1.97699953687157,-5.99014533859614,-0.108133447718689,-0.5147283,3.698059,1.122754
81428055,-2.70551126782211,-6.08432915090284,-0.103839120111673,-0.514505,3.699576,1.114899
81448343,-2.94692461490138,-6.01913639398779,-0.0937033151954628,-0.5139302,3.700158,1.108232
81468051,-2.7790217478492,-6.01205872548529,-0.142553662231229,-0.5146809,3.70235,1.099368
81488323,-2.01931807611522,-5.84485521108082,-0.152813707895,-0.5144767,3.703322,1.091949
81510883,-0.966960290192172,-5.38284604156059,-0.101058805862418,-0.5144898,3.704567,1.084152
81540993,-0.459009574170052,-4.8290900391672,-0.116083005409115,-0.515979,3.708196,1.070041
81571531,-1.28691609006724,-5.73888092588077,-0.0855065682297752,-0.5166924,3.710457,1.057927
81590992,-1.72873986619632,-6.45108153738965,-0.185349292521459,-0.518386,3.713195,1.047797
81614071,-2.09256539148407,-7.15704889203988,-0.162350632836041,-0.5195407,3.715542,1.037805
81636490,-2.28351407718483,-7.6582663548804,-0.0964216302276572,-0.5196999,3.716898,1.030316
81655936,-2.22912600702938,-7.53875659987643,-0.0669316393093951,-0.5193992,3.71752,1.02387
81676190,-1.81191415506868,-6.42477804380386,0.0144841386231659,-0.5191774,3.718297,1.016947
81705981,-1.98212930340472,-5.36777929324891,0.0158611340361323,-0.5199857,3.72104,1.00414
81729067,-2.09118511542754,-5.06377819673331,-0.0426771739576266,-0.5202543,3.722778,0.994978
81759743,-2.01829063299759,-4.64760763166169,-0.102865460482984,-0.5214555,3.725929,0.9813277
81789725,-2.31798113667708,-4.81189800089369,0.0208080489901481,-0.5219678,3.728269,0.9683194
81822073,-2.36289765913241,-5.42660322623021,0.171074463492501,-0.5237221,3.732261,0.95091
81843696,-2.335687990124,-5.62913046760646,0.206312662312648,-0.5238851,3.732862,0.9432461
81863052,-2.44148437732733,-5.55590606682374,0.179763042069048,-0.5237222,3.732482,0.9361214
81883045,-2.59970118155747,-5.2981314056764,-0.0245842109205785,-0.5245938,3.734012,0.9265359
81903715,-2.7326693938913,-5.15392713380514,-0.115752614977475,-0.5245641,3.734014,0.9189492
81926834,-2.9351678517669,-4.79707282470321,-0.138899769815801,-0.5251638,3.735008,0.9091558
81956177,-2.58149098328475,-5.13275288561967,-0.079285576170304,-0.5265477,3.737319,0.8956785
81976184,-2.41559803478136,-5.74631124817357,0.118743259902598,-0.5272181,3.738112,0.887667
81996815,-2.59096193520442,-6.16247561446915,0.113736017931056,-0.5280679,3.739056,0.8794092
82016459,-2.45630177995991,-6.26196345931043,0.0661102549059781,-0.5295365,3.741135,0.8701716
82041022,-2.01566622350407,-6.22940890814529,-0.00981821786274525,-0.5305261,3.743,0.8592399
82061492,-1.91747253757614,-6.22007362981287,0.0661591328273131,-0.5302085,3.743625,0.8523589
82081768,-1.7586762918818,-6.31358103867321,-0.0260549678187505,-0.5301368,3.744453,0.8450016
82101032,-1.77765989677623,-6.37998097164862,0.0415196657343522,-0.5313292,3.746543,0.8354227
82121896,-2.50518545764009,-6.42113298376452,-0.00486148621431975,-0.5316219,3.74768,0.8278733
82144950,-3.56288642800536,-6.64416112892324,-0.150605124940007,-0.5324035,3.74946,0.8183509
82164494,-3.28581104043651,-6.41562203731794,-0.345934306209042,-0.5337734,3.75188,0.8085268
82184788,-2.72726597597307,-5.91139829181262,-0.290851815359961,-0.5344422,3.75365,0.8004122
82215981,-1.80886665669246,-5.24335400960857,-0.162641742224746,-0.5361909,3.756407,0.7859663
82239452,-2.44785830881349,-4.90462818582821,-0.0902159901602602,-0.5368804,3.757014,0.775519
82269484,-3.21396757557263,-4.80116420083177,0.034389242282564,-0.5376294,3.757723,0.7642357
82289480,-2.8081917319044,-5.12996584114224,-0.0471391295035836,-0.5390614,3.759932,0.7542079
82309564,-2.34593240662707,-5.64038943558956,-0.169003721203239,-0.5398019,3.760923,0.7459684
82330001,-1.50800369914682,-5.83236796021923,-0.114211841992687,-0.5406185,3.762191,0.7379972
82353694,-0.882236899854552,-5.50652808956395,-0.123716847195434,-0.5418561,3.764167,0.7282806
82383777,-1.75077871357516,-5.54923266694334,-0.287815790372498,-0.5439325,3.76745,0.7140762
82403720,-2.75645649505437,-5.6789200999473,-0.286920637027836,-0.5450737,3.769218,0.7056451
82424177,-3.12891502272929,-6.03034899332821,-0.292784763182084,-0.5463552,3.770806,0.6955095
82447061,-3.19660357546777,-6.2744455823253,-0.197165079831643,-0.5470101,3.771113,0.686313
82467772,-2.64942902714764,-6.56528962440228,-0.140244189012526,-0.5472143,3.771281,0.6801634
82487063,-2.52930291759949,-6.5257225959582,-0.108164612145422,-0.5484243,3.773475,0.6703775
82507075,-2.30630838235065,-6.1321663205845,-0.120292501631631,-0.5489439,3.774079,0.6630336
82527699,-2.20266448844532,-5.5838350758827,-0.171959953924281,-0.5496196,3.774898,0.6553867
82549185,-2.06842107346376,-5.47972109410204,-0.250246989611809,-0.5511385,3.77749,0.6448846
82570810,-2.05755454259216,-5.47276730461985,-0.251104102275785,-0.5520167,3.778656,0.636417
82591439,-2.03649466010694,-5.40147196257535,-0.148578882961518,-0.5528796,3.779687,0.6281458
82612798,-2.37537274204246,-5.29975668521794,-0.14314915570087,-0.5535862,3.780435,0.620221
82632577,-2.75723188811764,-5.35241210493233,-0.04949675846683,-0.5547717,3.782425,0.609906
82655054,-2.94323034771357,-5.42168736008731,-0.121810825077603,-0.5556538,3.783568,0.5995001
82675202,-2.86549110341501,-5.5646727739799,-0.131577377690165,-0.5562867,3.784214,0.591839
82695436,-2.89090799096627,-5.63563051398957,-0.156604683464144,-0.5575373,3.786027,0.5818167
82715750,-2.93268479155648,-5.45100000337898,-0.1130900830629,-0.5581967,3.786857,0.5734699
82735765,-2.59279685302089,-5.27542036263083,-0.164561941150038,-0.5589609,3.787822,0.5648023
82756910,-2.5366063458942,-5.38573954742983,-0.0590692643412504,-0.5604532,3.789872,0.5540426
82778462,-2.80335120636828,-5.4253431705918,0.0324235017920606,-0.5615994,3.790874,0.5450211
82798816,-2.89485170071675,-5.34667510056888,0.0658163239897019,-0.5628066,3.791696,0.5361277
82820984,-2.954228159258,-5.41355387941646,-0.0197773751016337,-0.5639857,3.790927,0.5277736
82840392,-3.05211454280781,-5.32423405303382,-0.00101861433432173,-0.5657184,3.791008,0.5174425
82863208,-2.61491902609629,-5.10545970128804,-0.0929774887674824,-0.5673349,3.789336,0.5076148
82892891,-1.34694723835746,-5.0575993179547,-0.205881422297768,-0.5694864,3.786757,0.4954052
82923192,-1.09139224143284,-5.51553139841412,-0.180912410871303,-0.5723041,3.786091,0.4809028
82942936,-1.72484427691931,-6.13575410962743,-0.309378740944271,-0.5741797,3.784625,0.4718701
82966919,-2.1678661771997,-6.17824108716377,-0.299471547900884,-0.576297,3.783478,0.4621433
82986061,-3.08726526942867,-5.83587626164649,-0.283359208211915,-0.578476,3.783669,0.4511383
83006315,-3.17697331234958,-5.82096528996786,-0.233037074823505,-0.5804176,3.782623,0.4421395
83028589,-2.19151992835303,-5.50980140685163,-0.225104925075702,-0.5820301,3.781124,0.4327851
83057072,-0.163891277066507,-4.76902110447957,-0.17149825523847,-0.5843669,3.779728,0.4176343
83090497,0.573493439948453,-5.0501769054578,-0.223228982242205,-0.5865047,3.776829,0.4040914
83120488,-0.158428900675525,-5.26932304256264,-0.262750318263546,-0.5885813,3.773798,0.3916498
83140055,-2.10147494406746,-6.18342700333797,-0.236611236542829,-0.5903084,3.772953,0.381646
83160432,-3.1663208784064,-6.90673577820578,-0.221604868820742,-0.5915329,3.770867,0.3744158
83183065,-3.5724397188077,-7.09494687484622,-0.165537321943687,-0.5932237,3.768875,0.364645
83203852,-3.51015291337867,-7.01186329550876,-0.281005824072133,-0.5945623,3.766942,0.3568121
83223061,-3.23536402166718,-7.08857007652817,-0.327361443742682,-0.5962041,3.765805,0.3470175
83244494,-2.26695966330749,-6.44082219084338,-0.374802506085291,-0.5969113,3.761727,0.3391431
83264933,-2.04478465830309,-5.74137274097871,-0.319095380721659,-0.5975661,3.757906,0.3319623
83288710,-1.80377776005655,-5.02691749488221,-0.340884328503564,-0.5985214,3.754216,0.3231192
83318477,-1.07639881829993,-4.60418978498123,-0.219736950133885,-0.5999844,3.750456,0.3097483
